1.000000 0.000000
1.000000 0.000000
0.840467 0.293615
0.998814 0.002370
1.000000 0.000000
1.000000 0.000000
0.968654 0.061710
0.911645 0.168903
0.280792 0.921156
1.000000 0.000000
1.000000 0.000000
0.902955 0.184672
1.000000 0.000000
0.994277 0.011413
0.948459 0.100425
1.000000 0.000000
1.000000 0.000000
0.884057 0.218442
0.987780 0.024291
0.965099 0.068583
0.977099 0.045278
0.996640 0.006709
0.999910 0.000181
0.682948 0.533582
0.865634 0.250677
1.000000 0.000000
0.842140 0.290801
0.999673 0.000653
0.885082 0.216630
0.999550 0.000901
0.980870 0.037895
0.921967 0.149977
0.999995 0.000010
0.569496 0.675674
1.000000 0.000000
1.000000 0.000000
1.000000 0.000000
1.000000 0.000000
1.000000 0.000000
1.000000 0.000000
1.000000 0.000000
1.000000 0.000000
0.286308 0.918028
1.000000 0.000000
0.982499 0.034696
0.825008 0.319362
0.328174 0.892302
1.000000 0.000000
1.000000 0.000000
1.000000 0.000000
0.282092 0.920424
0.514025 0.735778
1.000000 0.000000
1.000000 0.000000
0.781120 0.389851
1.000000 0.000000
0.587566 0.654767
1.000000 0.000000
0.995926 0.008131
1.000000 0.000000
0.663020 0.560405
0.918982 0.155471
0.399566 0.840347
1.000000 0.000000
1.000000 0.000000
1.000000 0.000000
0.999077 0.001846
0.956924 0.084296
1.000000 0.000000
0.939841 0.116699
0.999259 0.001482
1.000000 0.000000
1.000000 0.000000
1.000000 0.000000
0.306215 0.906233
0.948585 0.100187
1.000000 0.000000
0.325387 0.894123
0.829653 0.311677
0.750655 0.436517
0.674521 0.545022
1.000000 0.000000
0.999995 0.000009
1.000000 0.000000
0.863388 0.254562
1.000000 0.000000
0.291722 0.914898
0.995822 0.008338
0.309541 0.904184
0.994182 0.011602
0.998060 0.003875
0.488197 0.761664
0.523926 0.725501
1.000000 0.000000
0.997093 0.005805
0.994349 0.011269
1.000000 0.000000
0.998872 0.002255
0.280799 0.921152
0.280775 1.784311
0.771065 0.405459
0.838685 0.296607
0.941440 0.113690
0.958496 0.081286
0.998399 0.003200
0.633129 0.599147
1.000000 0.000000
1.000000 0.000000
1.000000 0.000000
0.930195 0.134737
1.000000 0.000000
1.000000 0.000000
0.300807 0.909515
0.666264 0.556093
0.594037 0.647120
0.569077 0.676152
0.810448 0.343175
0.967751 0.063457
1.000000 0.000000
0.791249 0.373926
0.844294 0.287167
1.000000 0.000000
0.996390 0.007207
0.977003 0.045465
1.000000 0.000000
0.994752 0.010469
1.000000 0.000000
1.000000 0.000000
1.000000 0.000000
0.283964 0.919364
0.903492 0.183702
0.961343 0.075820
1.000000 0.000000
0.283444 0.919659
0.883531 0.219373
1.000000 0.000000
1.000000 0.000000
0.999996 0.000009
0.833716 0.304918
1.000000 0.000000
1.000000 0.000000
1.000000 0.000000
0.998159 0.003678
0.775351 0.398831
0.308431 0.904870
0.467824 0.781141
0.956281 0.085527
1.000000 0.000000
0.280780 0.921162
1.000000 0.000000
1.000000 0.000000
0.999999 0.000002
0.994706 0.010560
1.000000 0.000000
0.999954 0.000092
0.994557 0.010857
1.000000 0.000000
1.000000 0.000000
0.991792 0.016348
1.000000 0.000000
1.000000 0.000000
1.000000 0.000000
0.999748 0.000505
1.000000 0.000000
0.758291 0.424994
0.989739 0.020417
0.954499 0.088932
0.999959 0.000081
0.852801 0.272730
0.999560 0.000881
0.666287 0.556062
0.999505 0.000990
0.999999 0.000002
1.000000 0.000000
0.998550 0.002898
1.000000 0.000000
0.866452 0.249261
1.000000 0.000000
1.000000 0.000000
1.000000 0.000000
1.000000 0.000000
0.998091 0.003815
0.999573 0.000855
0.951610 0.094437
0.407002 0.834350
1.000000 0.000000
1.000000 0.000000
1.000000 0.000000
0.512421 0.737425
0.992166 0.015607
0.999092 0.001816
0.698689 0.511833
1.000000 0.000000
0.998701 0.002595
0.856036 0.267202
1.000000 0.000000
0.280796 0.921154
1.000000 0.000000
0.955933 0.086192
0.280775 0.921165
0.671070 0.549665
1.000000 0.000000
0.786630 0.381213
0.291136 0.915240
0.928334 0.138196
0.902528 0.185443
0.353469 0.875059
1.000000 0.000000
0.311460 0.902993
0.706945 0.500229
0.999598 0.000803
1.000000 0.000000
0.740295 0.451963
0.999990 0.000021
0.543681 0.704411
0.283093 0.919859
0.874835 0.234663
0.999987 0.000025
1.000000 0.000000
0.988519 0.022831
0.816826 0.332795
1.000000 0.000000
0.443507 0.803301
1.000000 0.000000
0.999149 0.001701
1.000000 0.000000
0.993907 0.012149
0.915729 0.161440
1.000000 0.000000
1.000000 0.000000
0.998091 0.003815
1.000000 0.000000
1.000000 0.000000
0.995446 0.009088
0.998096 0.003804
1.000000 0.000000
0.684621 0.531295
0.874624 0.235033
1.000000 0.000000
0.645363 0.583507
1.000000 0.000000
0.677336 0.541215
1.000000 0.000000
0.999766 0.000467
1.000000 0.000000
1.000000 0.000000
0.664710 0.558160
1.000000 0.000000
0.963379 0.071901
0.280775 0.921165
1.000000 0.000000
0.911181 0.169750
0.996096 0.007794
0.829043 0.312687
0.991339 0.017247
1.000000 0.000000
0.999940 0.000121
0.999708 0.000585
0.992948 0.014055
1.000000 0.000000
1.000000 0.000000
0.946358 0.104407
1.000000 0.000000
1.000000 0.000000
0.999999 0.000003
0.954686 0.088575
1.000000 0.000000
0.643722 0.585622
0.764351 0.415768
1.000000 0.000000
1.000000 0.000000
0.963603 0.071469
1.000000 0.000000
1.000000 0.000000
1.000000 0.000000
0.754512 0.430711
1.000000 0.000000
0.992453 0.015037
0.999977 0.000046
1.000000 0.000000
1.000000 0.000000
0.608124 0.630185
1.000000 0.000000
1.000000 0.000000
0.999956 0.000087
0.771274 0.405137
0.808342 0.346584
0.889728 0.208384
0.844274 0.287202
0.829777 0.311471
1.000000 0.000000
0.451246 0.796377
0.281316 0.920861
0.997950 0.004096
0.998779 0.002441
0.999847 0.000306
0.967451 0.064039
0.902187 0.186058
0.670041 0.551045
0.280776 0.921165
1.000000 0.000000
1.000000 0.000000
1.000000 0.000000
1.000000 0.000000
0.810415 0.343228
1.000000 0.000000
0.999732 0.000536
1.000000 0.000000
0.934860 0.126037
0.999658 0.000684
1.000000 0.000000
1.000000 0.000000
0.950953 0.095689
1.000000 0.000000
0.999808 0.000383
0.755441 0.429309
1.000000 0.000000
0.999887 0.000227
0.977147 0.045184
0.987093 0.025648
0.999956 0.000089
1.000000 0.000000
0.998177 0.003643
1.000000 0.000000
0.999977 0.000047
0.711306 0.494044
1.000000 0.000000
0.968226 0.062538
1.000000 0.000000
1.000000 0.000000
0.593891 0.647294
0.824709 0.319854
0.999963 0.000075
0.980701 0.038225
1.000000 0.000000
0.985281 0.029221
1.000000 0.000000
1.000000 0.000000
1.000000 0.000000
1.000000 0.000000
1.000000 0.000000
1.000000 0.000000
0.635084 0.596668
1.000000 0.000000
1.000000 0.000001
0.282719 0.920070
1.000000 0.000000
0.281119 0.920972
0.961070 0.076344
0.280785 0.921160
1.000000 0.000000
0.995773 0.008436
1.000000 0.000000
1.000000 0.000000
0.977465 0.044562
0.660791 0.563356
0.811879 0.340853
1.000000 0.000000
0.728519 0.469260
0.827776 0.314787
0.992182 0.015575
0.332896 0.889181
1.000000 0.000000
0.370061 0.863055
1.000000 0.000000
0.999652 0.000697
1.000000 0.000000
0.674468 0.545092
1.000000 0.000000
1.000000 0.000000
1.000000 0.000000
1.000000 0.000000
0.946290 0.104535
0.545605 0.702315
0.999639 0.000721
0.924081 0.146075
1.000000 0.000000
0.846593 0.283280
0.483904 0.765837
0.955944 0.086171
0.280778 0.921164
0.908353 0.174894
1.000000 0.000000
1.000000 0.000000
0.904589 0.181718
0.965907 0.067024
0.982315 0.035057
0.999978 0.000044
1.000000 0.000000
0.999997 0.000007
1.000000 0.000000
0.841349 0.292132
0.940637 0.115203
0.291587 0.914977
0.942537 0.111625
1.000000 0.000000
1.000000 0.000000
1.000000 0.000000
1.000000 0.000000
0.280775 0.921165
1.000000 0.000000
0.744126 0.446276
0.451081 0.796526
0.999989 0.000023
0.978188 0.043147
0.938090 0.119986
0.280775 3.890479
0.999644 0.000712
0.303501 0.907887
0.999998 0.000003
1.000000 0.000000
0.756702 0.427402
1.000000 0.000000
0.904704 0.181510
0.507376 0.742570
1.000000 0.000000
0.981769 0.036130
1.000000 0.000000
0.830344 0.310529
0.954296 0.089320
0.768877 0.408829
0.425125 0.819269
1.000000 0.000000
1.000000 0.000000
0.978175 0.043174
0.985008 0.029760
0.957698 0.082814
0.950147 0.097221
0.921399 0.151024
0.831578 0.308478
0.981663 0.036337
1.000000 0.000000
0.678123 0.540149
0.389263 0.848474
0.359245 0.870943
0.339135 0.884987
0.999998 0.000005
0.985642 0.028511
1.000000 0.000000
0.755429 0.429326
1.000000 0.000000
0.988664 0.022543
0.999278 0.001444
0.999982 0.000036
0.671043 0.549701
0.299812 0.910113
0.419922 0.823665
0.998424 0.003150
0.390664 0.847381
0.939600 0.117153
0.830261 0.310666
1.000000 0.000000
0.755110 0.429809
0.725708 0.473348
0.999926 0.000149
0.648087 0.579984
0.999888 0.000224
0.823524 0.321808
0.999906 0.000187
0.403071 0.837534
0.950145 0.097225
1.000000 0.000000
0.693063 0.519664
0.635323 0.596364
0.718574 0.483652
0.868666 0.245419
1.000000 0.000000
1.000000 0.000000
0.950091 0.097326
0.999407 0.001187
1.000000 0.000000
0.863843 0.253775
0.999525 0.000950
1.000000 0.000000
0.281819 0.920578
1.000000 0.000000
1.000000 0.000000
0.814249 0.336999
0.999563 0.000874
0.999252 0.001495
0.990435 0.019039
1.000000 0.000000
1.000000 0.000000
0.999885 0.000230
1.000000 0.000000
0.290484 0.915619
0.369957 0.863132
0.491979 0.757956
0.999463 0.001074
1.000000 0.000000
1.000000 0.000000
0.996007 0.007970
0.950755 0.096065
1.000000 0.000000
0.831292 0.308954
0.557686 0.688986
0.746352 0.442959
0.280776 0.921165
1.000000 0.000000
1.000000 0.000000
1.000000 0.000000
1.000000 0.000000
0.824081 0.320891
0.996831 0.006328
0.986105 0.027597
0.800135 0.359783
0.993908 0.012147
1.000000 0.000000
0.772479 0.403276
1.000000 0.000000
0.950793 0.095993
0.846731 0.283047
0.985941 0.027920
0.987951 0.023952
1.000000 0.000000
1.000000 0.000000
0.995958 0.008068
0.427216 0.817487
1.000000 0.000000
1.000000 0.000000
0.824471 0.320248
1.000000 0.000000
0.999214 0.001570
0.899498 0.190904
0.344093 0.881600
1.000000 0.000000
0.989391 0.021104
1.000000 0.000000
0.839669 0.294956
0.402765 0.837780
0.997627 0.004741
1.000000 0.000000
1.000000 0.000000
1.000000 0.000000
1.000000 0.000000
0.814011 0.337385
1.000000 0.000000
1.000000 0.000000
0.995353 0.009272
0.954513 0.088904
0.903524 0.183645
0.998401 0.003196
1.000000 0.000000
0.298548 0.910869
1.000000 0.000000
0.998937 0.002125
1.000000 0.000000
0.999569 0.000862
0.972891 0.053482
0.280775 0.921165
1.000000 0.000000
0.999992 0.000017
0.771726 0.404439
0.297297 0.911615
0.806860 0.348977
1.000000 0.000000
1.000000 0.000000
0.801814 0.357094
0.999468 0.001063
0.888273 0.210971
1.000000 0.000000
1.000000 0.000000
0.684998 0.530778
0.996972 0.006047
1.000000 0.000000
1.000000 0.000000
0.964943 0.068884
1.000000 0.000000
0.418957 0.824475
1.000000 0.000000
0.999829 0.000343
0.881748 0.222521
0.870643 0.241980
0.975838 0.047740
0.819450 0.328501
0.987647 0.024552
0.563692 0.682251
0.999844 0.000312
1.000000 0.000000
1.000000 0.000000
1.000000 0.000000
0.919151 0.155162
0.984928 0.029917
0.998669 0.002661
0.996430 0.007128
0.983409 0.032906
0.312666 0.902240
0.961828 0.074888
1.000000 0.000000
0.983917 0.031908
0.969703 0.059676
0.999992 0.000015
0.649340 0.578357
0.955644 0.086744
0.969306 0.060446
1.000000 0.000000
0.633689 0.598438
0.999999 0.000002
0.280777 0.921164
0.280775 0.921165
1.000000 0.000000
0.811266 0.341848
0.996962 0.006066
1.000000 0.000000
0.996885 0.006221
0.986233 0.027345
0.937545 0.121008
1.000000 0.000000
0.980752 0.038126
0.985223 0.029337
0.711061 0.494392
0.966716 0.065461
1.000000 0.000000
1.000000 0.000000
1.000000 0.000000
0.916496 0.160036
0.996880 0.006230
1.000000 0.000000
0.937396 0.121288
0.999892 0.000216
1.000000 0.000000
0.927449 0.139838
1.000000 0.000000
1.000000 0.000000
1.000000 0.000000
1.000000 0.000000
0.622023 0.613088
1.000000 0.000000
0.980456 0.038706
0.999999 0.000002
0.998670 0.002658
0.980888 0.037858
0.979847 0.039900
1.000000 0.000000
1.000000 0.000000
0.992618 0.014709
0.999983 0.000033
0.322156 0.896215
1.000000 0.000000
0.999387 0.001226
0.994372 0.011224
1.000000 0.000000
1.000000 0.000000
0.995152 0.009672
1.000000 0.000000
0.280835 0.921132
1.000000 0.000000
1.000000 0.000000
1.000000 0.000000
0.280776 0.921165
1.000000 0.000000
1.000000 0.000000
1.000000 0.000000
0.986261 0.027288
0.999994 0.000011
1.000000 0.000000
1.000000 0.000000
1.000000 0.000000
1.000000 0.000000
0.913188 0.166087
1.000000 0.000000
0.684473 0.531497
1.000000 0.000000
0.998534 0.002930
0.996825 0.006340
0.635157 0.596575
0.332087 0.889718
0.918744 0.155909
0.991537 0.016854
0.691030 0.522477
1.000000 0.000000
1.000000 0.000000
0.642875 0.586711
0.652439 0.574323
0.998401 0.003196
1.000000 0.000000
1.000000 0.000000
0.918000 0.157276
0.942283 0.112103
1.000000 0.000000
0.613199 0.623987
1.000000 0.000000
0.999966 0.000068
1.000000 0.000000
1.000000 0.000000
1.000000 0.000000
0.962294 0.073990
0.950181 0.097156
1.000000 0.000001
1.000000 0.000000
0.999758 0.000484
1.000000 0.000000
0.999179 0.001642
0.827728 0.314867
0.926344 0.141888
0.929027 0.136910
0.285546 0.918463
0.281037 0.921018
1.000000 0.000000
0.280780 0.921163
0.987235 0.025368
0.346327 0.880058
1.000000 0.000000
0.634520 0.597385
1.000000 0.000000
1.000000 0.000000
1.000000 0.000000
1.000000 0.000000
0.350334 0.877266
0.852286 0.273608
0.335336 0.887550
0.528130 0.721079
0.998524 0.002951
1.000000 0.000000
0.993198 0.013558
1.000000 0.000000
0.723379 0.476723
0.820652 0.326530
0.961268 0.075963
0.938825 0.118609
0.947464 0.102312
0.825797 0.318060
0.801292 0.357931
0.762105 0.419196
0.995736 0.008510
0.808737 0.345944
0.983640 0.032453
1.000000 0.000000
1.000000 0.000000
1.000000 0.000000
0.381602 0.854380
1.000000 0.000000
0.980486 0.038647
0.999913 0.000173
0.980825 0.037983
1.000000 0.000000
0.781375 0.389454
0.995919 0.008145
1.000000 0.000000
1.000000 0.000000
0.569703 0.675438
0.975810 0.047794
0.873742 0.236574
0.961652 0.075226
1.000000 0.000000
1.000000 0.000000
0.987883 0.024087
0.408151 0.833413
0.280776 0.921165
0.280775 0.921165
0.905064 0.180858
0.646025 0.582651
1.000000 0.000000
0.999456 0.001088
0.999171 0.001657
0.998201 0.003595
0.958007 0.082222
1.000000 0.000000
0.971102 0.056961
1.000000 0.000000
0.756994 0.426960
1.000000 0.000000
0.994173 0.011619
1.000000 0.000000
0.930328 0.134490
0.848062 0.280790
0.933882 0.127864
0.781007 0.390028
0.317413 0.899249
0.955731 0.086578
1.000000 0.000000
0.993736 0.012489
1.000000 0.000000
1.000000 0.000000
1.000000 0.000000
0.799027 0.361556
1.000000 0.000000
0.720951 0.480229
1.000000 0.000000
0.752350 0.433969
0.999699 0.000603
1.000000 0.000000
1.000000 0.000000
0.999844 0.000312
0.978709 0.042128
0.917345 0.158479
0.996771 0.006448
1.000000 0.000000
1.000000 0.000000
0.999954 0.000093
1.000000 0.000000
0.999489 0.001021
0.985995 0.027813
1.000000 0.000000
0.976320 0.046800
0.990518 0.018873
1.000000 0.000000
0.968749 0.061526
0.282237 0.920342
0.280775 0.921165
1.000000 0.000000
0.949659 0.098147
1.000000 0.000000
0.838026 0.297713
0.631880 0.600728
0.831112 0.309252
1.000000 0.000000
0.999950 0.000100
1.000000 0.000000
0.949029 0.099344
0.849313 0.278667
0.994138 0.011690
0.918851 0.155713
1.000000 0.000000
0.984399 0.030958
0.886349 0.214386
0.991360 0.017205
0.894167 0.200466
0.879663 0.226192
1.000000 0.000000
0.999665 0.000670
1.000000 0.000000
0.767705 0.410629
0.644982 0.583998
1.000000 0.000000
0.638360 0.592497
1.000000 0.000000
1.000000 0.000000
1.000000 0.000000
0.999999 0.000002
0.979211 0.041147
0.282046 0.920450
1.000000 0.000000
1.000000 0.000000
0.739855 0.452615
1.000000 0.000000
1.000000 0.000000
0.920878 0.151984
1.000000 0.000000
0.848453 0.280127
1.000000 0.000000
0.981120 0.037404
1.000000 0.000000
0.999336 0.001328
0.950535 0.096482
0.999509 0.000982
0.976658 0.046138
0.280784 0.921160
1.000000 0.000000
1.000000 0.000000
0.591408 0.650236
1.000000 0.000000
0.999514 0.000973
0.956543 0.085026
1.000000 0.000000
1.000000 0.000000
1.000000 0.000000
0.878586 0.228087
0.711832 0.493295
1.000000 0.000000
0.935584 0.124683
1.000000 0.000000
0.999100 0.001799
0.979292 0.040988
0.865486 0.250935
1.000000 0.000000
1.000000 0.000000
1.000000 0.000000
1.000000 0.000000
0.987815 0.024221
0.906294 0.178631
0.998655 0.002689
0.963203 0.072240
1.000000 0.000000
1.000000 0.000000
0.744875 0.445161
1.000000 0.000000
1.000000 0.000000
0.998371 0.003256
1.000000 0.000000
1.000000 0.000000
0.811849 0.340902
0.835418 0.302076
0.999543 0.000913
1.000000 0.000000
1.000000 0.000000
1.000000 0.000000
1.000000 0.000000
0.706683 0.500600
1.000000 0.000000
1.000000 0.000000
0.999986 0.000029
0.978138 0.043246
1.000000 0.000000
0.944730 0.107485
0.898086 0.193441
0.984861 0.030049
0.840345 0.293820
0.280782 0.921161
0.280776 0.921165
0.999996 0.000007
0.999973 0.000054
1.000000 0.000000
1.000000 0.000000
0.998405 0.003188
1.000000 0.000000
0.999665 0.000670
0.308802 0.904641
1.000000 0.000000
1.000000 0.000000
0.981318 0.037014
1.000000 0.000000
0.610569 0.627206
1.000000 0.000000
0.994499 0.010972
0.994890 0.010194
0.314408 0.901148
1.000000 0.000000
1.000000 0.000000
1.000000 0.000000
0.336098 0.887038
0.810759 0.342670
1.000000 0.000000
1.000000 0.000000
0.989539 0.020813
1.000000 0.000000
0.969208 0.060636
0.992352 0.015238
0.717219 0.485596
1.000000 0.000000
1.000000 0.000000
0.332952 0.889143
0.834813 0.303087
0.974049 0.051229
1.000000 0.000000
0.922694 0.148636
1.000000 0.000000
1.000000 0.000000
1.000000 0.000000
0.687071 0.527933
1.000000 0.000000
1.000000 0.000000
1.000000 0.000000
0.280843 0.921127
0.843466 0.288566
0.939810 0.116758
0.999803 0.000395
1.000000 0.000000
1.000000 0.000000
0.989520 0.020849
0.819959 0.327668
0.939803 0.116770
1.000000 0.000000
1.000000 0.000000
1.000000 0.000000
1.000000 0.000000
1.000000 0.000000
1.000000 0.000000
0.786025 0.382164
1.000000 0.000000
0.957665 0.082877
0.923277 0.147559
0.999962 0.000075
0.880713 0.224344
0.975377 0.048640
0.335588 0.887381
0.914021 0.164567
0.473510 0.775788
1.000000 0.000000
0.434486 0.811222
1.000000 0.000000
0.281764 0.920609
1.000000 0.000000
1.000000 0.000000
1.000000 0.000000
0.998726 0.002547
0.640588 0.589647
0.710684 0.494928
0.963768 0.071150
1.000000 0.000000
0.999816 0.000367
1.000000 0.000000
1.000000 0.000000
0.512056 0.737799
0.999992 0.000016
1.000000 0.000000
1.000000 0.000000
0.500602 0.749397
0.301013 0.909391
1.000000 0.000000
0.988699 0.022474
0.999911 0.000177
0.280815 0.921143
0.723692 0.476270
1.000000 0.000000
0.989486 0.020917
0.997666 0.004662
0.400528 0.839577
1.000000 0.000000
0.817946 0.330964
0.662961 0.560483
0.665287 0.557393
1.000000 0.000000
0.822858 0.322904
0.999988 0.000024
0.983200 0.033317
0.831455 0.308682
0.834930 0.302892
0.815282 0.335315
0.635545 0.596082
0.984873 0.030026
0.386518 0.850604
1.000000 0.000000
0.879936 0.225713
1.000000 0.000000
1.000000 0.000000
0.999986 0.000028
0.995696 0.008590
0.447490 0.799753
0.979507 0.040566
0.998757 0.002484
1.000000 0.000000
0.848036 0.280835
1.000000 0.000000
0.999309 0.001381
0.982333 0.035022
1.000000 0.000000
1.000000 0.000000
1.000000 0.000000
0.967053 0.064808
0.999997 0.000005
0.285347 0.918577
1.000000 0.000000
0.994236 0.011495
1.000000 0.000000
1.000000 0.000000
0.384143 0.852434
0.411625 0.830565
0.999363 0.001273
1.000000 0.000001
0.902529 0.185441
0.728808 0.468839
0.998980 0.002040
1.000000 0.000000
0.993952 0.012060
0.998911 0.002178
0.301111 0.909332
0.281020 0.921028
0.280779 0.921163
1.000000 0.000000
1.000000 0.000000
1.000000 0.000000
0.999061 0.001877
0.999741 0.000517
0.365488 0.866418
1.000000 0.000000
0.999972 0.000056
0.378232 0.856941
1.000000 0.000000
0.998520 0.002958
0.285604 0.918431
0.999995 0.000010
0.917762 0.157713
0.901951 0.186484
0.999661 0.000677
0.737464 0.456147
0.816759 0.332906
1.000000 0.000000
0.283171 0.919814
1.000000 0.000000
1.000000 0.000000
0.570262 0.674801
0.999932 0.000135
0.807243 0.348358
1.000000 0.000000
0.918857 0.155701
0.999980 0.000041
1.000000 0.000000
0.543678 0.704414
1.000000 0.000000
0.997467 0.005060
0.971819 0.055569
0.282042 0.920452
0.826592 0.316746
0.640317 0.589994
0.799520 0.360768
1.000000 0.000000
1.000000 0.000000
1.000000 0.000000
0.997125 0.005742
0.441881 0.804741
1.000000 0.000000
0.932620 0.130220
0.968536 0.061939
0.999060 0.001880
0.425314 0.819108
1.000000 0.000000
0.975247 0.048893
0.802005 0.356788
0.280777 0.921164
0.999996 0.000008
0.999981 0.000039
1.000000 0.000001
0.999996 0.000008
0.999951 0.000098
0.997491 0.005012
0.999858 0.000285
0.974386 0.050572
0.680420 0.537029
0.992243 0.015453
0.960297 0.077829
0.800153 0.359755
1.000000 0.000000
1.000000 0.000000
0.978335 0.042860
1.000000 0.000000
0.977457 0.044578
1.000000 0.000000
0.998877 0.002245
1.000000 0.000000
0.864616 0.252438
0.999976 0.000047
0.999955 0.000091
1.000000 0.000000
0.916794 0.159489
1.000000 0.000000
0.997386 0.005221
1.000000 0.000000
0.995747 0.008488
1.000000 0.000000
0.922329 0.149310
0.905520 0.180034
1.000000 0.000000
0.998736 0.002527
1.000000 0.000000
1.000000 0.000000
0.937288 0.121491
0.999985 0.000030
0.991938 0.016058
0.865580 0.250771
1.000000 0.000000
0.646038 0.582635
1.000000 0.000000
0.986349 0.027116
1.000000 0.000000
0.999999 0.000002
0.585321 0.657399
0.300842 0.909494
0.281604 0.920699
0.280775 0.921165
0.903996 0.182792
0.999999 0.000002
0.929231 0.136529
0.852638 0.273009
0.991812 0.016309
0.947896 0.101494
1.000000 0.000000
1.000000 0.000000
0.988592 0.022685
0.999828 0.000345
0.648442 0.579523
1.000000 0.000000
1.000000 0.000000
0.639817 0.590634
1.000000 0.000000
0.996922 0.006146
0.772018 0.403989
1.000000 0.000000
0.999948 0.000105
0.972921 0.053425
1.000000 0.000001
0.993241 0.013472
0.915960 0.161018
1.000000 0.000000
0.555650 0.691253
1.000000 0.000000
0.840174 0.294108
0.369427 0.863524
1.000000 0.000000
1.000000 0.000000
1.000000 0.000000
0.974473 0.050402
0.812475 0.339884
0.873876 0.236342
1.000000 0.000000
0.999996 0.000007
0.318748 0.898400
0.984655 0.030454
0.711331 0.494008
0.997319 0.005355
0.382357 0.853803
1.000000 0.000000
1.000000 0.000000
1.000000 0.000000
0.284347 0.919147
1.000000 0.000000
1.000000 0.000000
0.734289 0.460819
0.280823 0.921138
0.280776 0.921165
1.000000 0.000000
0.983518 0.032693
0.911282 0.169565
0.944651 0.107635
0.516370 0.733363
0.951084 0.095440
0.951248 0.095128
0.944405 0.108099
0.645484 0.583350
0.997065 0.005861
1.000000 0.000000
1.000000 0.000000
1.000000 0.000000
0.999996 0.000009
1.000000 0.000000
0.973583 0.052135
0.939400 0.117527
1.000000 0.000000
1.000000 0.000000
1.000000 0.000000
0.999137 0.001725
0.999928 0.000144
0.869389 0.244162
0.383352 0.853041
0.873551 0.236909
1.000000 0.000000
1.000000 0.000000
0.951182 0.095253
0.886024 0.214962
0.999993 0.000014
0.999999 0.000002
0.982593 0.034511
0.286584 0.917870
0.999629 0.000742
0.304127 0.907507
1.000000 0.000000
0.690922 0.522627
0.945095 0.106796
1.000000 0.000000
0.999685 0.000630
0.988406 0.023053
0.575194 0.669152
1.000000 0.000000
1.000000 0.000000
0.288376 0.916839
0.280797 0.921153
0.999837 0.000327
1.000000 0.000000
0.921119 0.151540
0.280776 0.921165
0.999955 0.000090
1.000000 0.000000
1.000000 0.000000
0.997256 0.005480
0.954987 0.088000
0.982192 0.035298
0.995737 0.008507
1.000000 0.000000
0.990563 0.018784
0.476250 0.773186
1.000000 0.000000
0.957372 0.083438
1.000000 0.000000
0.916873 0.159344
0.372557 0.861201
0.418773 0.824629
1.000000 0.000000
0.984414 0.030928
0.999048 0.001904
1.000000 0.000000
1.000000 0.000000
1.000000 0.000000
0.723872 0.476009
0.968040 0.062898
1.000000 0.000000
0.611004 0.626674
0.975668 0.048071
0.999999 0.000001
0.999828 0.000343
0.999992 0.000016
0.721057 0.480077
0.978046 0.043426
0.999827 0.000347
1.000000 0.000000
0.291450 0.915057
0.943424 0.109951
0.985270 0.029242
0.705807 0.501837
0.281490 0.920763
0.924026 0.146177
0.440621 0.805853
0.999996 0.000008
0.940066 0.116276
0.702655 0.506276
1.000000 0.000000
0.479157 0.770408
0.989649 0.020594
0.980955 0.037728
0.905495 0.180079
0.280775 0.921165
0.863030 0.255179
1.000000 0.000000
1.000000 0.000000
1.000000 0.000000
1.000000 0.000000
0.486989 0.762842
0.989008 0.021863
0.990622 0.018668
1.000000 0.000000
1.000000 0.000000
0.928679 0.137556
0.482761 0.766942
0.999993 0.000015
0.999999 0.000002
1.000000 0.000000
0.967570 0.063808
0.937726 0.120670
1.000000 0.000000
1.000000 0.000000
0.942184 0.112289
0.998878 0.002244
1.000000 0.000000
0.934460 0.126785
0.893346 0.201933
0.304719 0.907146
1.000000 0.000000
0.993086 0.013780
1.000000 0.000000
0.963667 0.071347
0.998684 0.002630
0.507117 0.742832
0.999824 0.000351
1.000000 0.000000
0.283295 0.919744
0.999994 0.000013
0.326167 0.893615
0.419856 0.823721
0.782608 0.387525
0.945700 0.105651
0.998578 0.002842
0.281198 0.920927
1.000000 0.000000
0.748684 0.439473
0.412272 0.830031
0.726696 0.471913
0.991815 0.016302
1.000000 0.000000
0.999863 0.000273
0.940593 0.115285
0.280776 0.921165
1.000000 0.000000
0.484261 0.765492
0.702759 0.506130
0.926846 0.140957
0.315361 0.900548
1.000000 0.000000
1.000000 0.000000
0.284065 0.919307
0.860029 0.260350
1.000000 0.000000
0.781583 0.389128
1.000000 0.000000
0.999737 0.000525
1.000000 0.000000
0.590936 0.650795
1.000000 0.000000
1.000000 0.000000
1.000000 0.000000
0.958184 0.081884
0.737461 0.456152
0.663763 0.559419
1.000000 0.000000
1.000000 0.000000
1.000000 0.000000
0.301810 0.908911
1.000000 0.000000
1.000000 0.000000
1.000000 0.000000
0.482379 0.767310
0.917317 0.158530
0.606713 0.631899
1.000000 0.000000
0.999557 0.000885
1.000000 0.000000
1.000000 0.000000
1.000000 0.000000
0.927368 0.139989
0.978084 0.043353
0.704593 0.503548
0.537424 0.711175
1.000000 0.000000
0.989021 0.021837
1.000000 0.000000
0.975367 0.048659
0.284553 0.919030
1.000000 0.000000
0.812980 0.339063
0.280981 0.921050
1.000000 0.000000
0.280775 0.921165
1.000000 0.000000
0.997691 0.004614
0.999962 0.000075
0.975205 0.048976
0.608021 0.630311
1.000000 0.000000
0.714901 0.488917
1.000000 0.000000
1.000000 0.000000
1.000000 0.000000
1.000000 0.000000
0.993831 0.012299
0.999978 0.000044
0.934021 0.127605
0.976787 0.045887
1.000000 0.000000
1.000000 0.000000
1.000000 0.000000
0.998219 0.003559
1.000000 0.000000
0.958744 0.080810
1.000000 0.000000
0.979371 0.040832
1.000000 0.000000
1.000000 0.000000
0.997548 0.004897
0.990089 0.019723
0.954771 0.088412
0.950174 0.097170
0.856899 0.265724
0.291821 0.914840
0.997937 0.004121
1.000000 0.000000
0.956647 0.084827
0.784786 0.384112
0.966841 0.065219
1.000000 0.000000
1.000000 0.000000
1.000000 0.000000
1.000000 0.000000
0.813168 0.338757
0.999994 0.000013
0.441168 0.805370
1.000000 0.000000
0.818094 0.330723
1.000000 0.000000
0.992471 0.015001
0.281836 0.920568
0.280783 0.921161
0.696450 0.514957
1.000000 0.000000
1.000000 0.000000
0.990183 0.019537
1.000000 0.000000
1.000000 0.000000
0.352599 0.875674
0.652068 0.574807
1.000000 0.000000
1.000000 0.000000
1.000000 0.000000
1.000000 0.000000
0.998093 0.003811
0.995974 0.008035
0.493006 0.756945
0.954876 0.088213
0.999909 0.000181
1.000000 0.000000
0.870850 0.241621
0.931381 0.132529
0.642844 0.586751
0.992743 0.014460
0.993084 0.013784
0.323403 0.895411
0.999509 0.000982
0.775192 0.399077
0.997916 0.004164
1.000000 0.000000
0.935482 0.124873
1.000000 0.000000
0.814165 0.337136
0.849558 0.278251
1.000000 0.000000
1.000000 0.000000
1.000000 0.000000
1.000000 0.000000
1.000000 0.000000
0.468572 0.780441
0.662847 0.560634
1.000000 0.000000
0.397228 0.842210
1.000000 0.000000
0.476838 0.772625
0.362542 0.868563
0.919723 0.154110
0.971892 0.055426
1.000000 0.000000
0.447640 0.799618
1.000000 0.000000
0.280878 0.921108
0.280787 0.921159
1.000000 0.000000
0.666002 0.556441
0.999934 0.000132
0.999929 0.000141
0.940617 0.115240
0.969747 0.059592
1.000000 0.000000
0.832114 0.307587
0.995483 0.009014
1.000000 0.000000
0.811453 0.341544
0.903081 0.184444
1.000000 0.000000
0.999905 0.000189
1.000000 0.000000
1.000000 0.000000
0.990991 0.017936
0.820793 0.326300
0.343723 0.881855
0.998748 0.002502
0.999421 0.001159
0.955819 0.086410
1.000000 0.000000
0.946434 0.104264
0.960571 0.077303
0.604814 0.634200
0.812775 0.339396
0.998945 0.002109
0.999996 0.000007
1.000000 0.000000
0.803267 0.354763
1.000000 0.000000
0.986621 0.026578
0.994926 0.010123
0.997492 0.005009
0.639422 0.591139
0.776176 0.397550
1.000000 0.000000
0.999445 0.001110
1.000000 0.000000
0.814189 0.337096
0.995359 0.009260
1.000000 0.000000
0.997097 0.005798
0.300533 0.909680
0.719868 0.481789
0.996777 0.006436
1.000000 0.000000
0.899175 0.191484
0.280775 0.921165
1.000000 0.000000
1.000000 0.000000
0.978158 0.043207
1.000000 0.000000
0.646070 0.582594
1.000000 0.000000
0.998384 0.003230
0.635920 0.595606
1.000000 0.000000
1.000000 0.000000
0.999684 0.000631
1.000000 0.000000
1.000000 0.000000
1.000000 0.000000
0.850798 0.276143
0.816888 0.332695
0.999998 0.000003
1.000000 0.000000
0.999765 0.000470
0.630807 0.602083
0.306273 0.906197
0.998693 0.002612
0.598579 0.641703
1.000000 0.000000
0.999982 0.000037
1.000000 0.000000
0.871750 0.240052
1.000000 0.000000
1.000000 0.000000
0.975385 0.048625
1.000000 0.000000
1.000000 0.000000
0.468843 0.780186
1.000000 0.000000
1.000000 0.000000
0.991980 0.015977
1.000000 0.000000
1.000000 0.000000
1.000000 0.000000
1.000000 0.000000
0.997458 0.005078
0.997953 0.004090
0.870160 0.242821
1.000000 0.000000
0.284286 0.919181
0.280780 0.921162
0.998424 0.003149
0.999412 0.001177
0.999989 0.000022
0.280775 0.921165
0.682536 0.534144
0.971231 0.056711
0.977783 0.043941
1.000000 0.000000
1.000000 0.000000
0.994204 0.011559
0.656210 0.569389
1.000000 0.000000
0.987957 0.023941
0.999979 0.000042
0.992788 0.014373
0.999993 0.000013
1.000000 0.000000
1.000000 0.000000
0.996361 0.007265
0.983989 0.031766
1.000000 0.000000
0.985354 0.029078
1.000000 0.000000
0.999968 0.000064
0.997941 0.004113
0.449423 0.798019
1.000000 0.000000
1.000000 0.000000
1.000000 0.000000
0.656757 0.568671
0.965920 0.066998
0.890045 0.207821
0.993113 0.013726
0.559677 0.686761
1.000000 0.000000
0.945880 0.105310
0.784774 0.384129
0.820650 0.326533
1.000000 0.000000
0.999445 0.001109
1.000000 0.000000
0.728021 0.469985
1.000000 0.000000
0.301843 0.908891
1.000000 0.000000
0.930490 0.134189
1.000000 0.000000
0.998335 0.003328
1.000000 0.000000
0.280901 0.921095
0.617921 0.618174
1.000000 0.000000
0.999999 0.000002
0.280811 0.921145
1.000000 0.000000
0.647888 0.580241
0.999996 0.000009
0.999981 0.000037
0.976319 0.046800
0.999983 0.000034
1.000000 0.000000
1.000000 0.000000
0.999138 0.001722
1.000000 0.000000
0.280779 0.921163
0.989052 0.021776
0.688434 0.526058
0.966816 0.065267
0.999972 0.000055
1.000000 0.000000
0.887298 0.212702
1.000000 0.000000
0.999884 0.000231
0.287802 0.917170
1.000000 0.000000
1.000000 0.000000
0.970604 0.057927
1.000000 0.000000
1.000000 0.000000
0.810787 0.342625
0.836338 0.300538
0.999539 0.000921
0.902702 0.185130
1.000000 0.000000
0.911198 0.169719
0.952714 0.092335
0.753367 0.432438
0.813410 0.338365
1.000000 0.000000
0.999884 0.000233
0.829736 0.311539
1.000000 0.000000
0.934478 0.126751
1.000000 0.000000
0.810499 0.343092
0.740067 0.452301
0.796037 0.366325
0.973608 0.052088
0.997338 0.005318
1.000000 0.000000
1.000000 0.000000
1.000000 0.000000
1.000000 0.000000
1.000000 0.000000
0.637750 0.593276
0.955085 0.087812
1.000000 0.000000
0.990981 0.017957
0.999898 0.000204
0.526813 0.722468
0.929981 0.135136
0.999236 0.001528
0.998733 0.002533
1.000000 0.000000
1.000000 0.000000
0.999975 0.000051
0.741018 0.450893
0.999249 0.001502
1.000000 0.000000
0.853241 0.271980
0.997519 0.004956
1.000000 0.000000
1.000000 0.000000
0.663969 0.559146
0.932676 0.130115
0.966529 0.065822
0.999917 0.000167
1.000000 0.000000
1.000000 0.000000
1.000000 0.000000
1.000000 0.000000
0.960966 0.076544
1.000000 0.000000
1.000000 0.000000
0.855144 0.268729
0.283847 0.919431
0.549615 0.697923
0.820653 0.326528
1.000000 0.000001
0.967938 0.063097
0.998261 0.003475
1.000000 0.000000
0.999700 0.000601
0.998032 0.003932
0.983579 0.032573
1.000000 0.000000
1.000000 0.000000
0.987582 0.024682
0.280858 0.921119
0.999999 0.000002
0.998068 0.003859
0.789889 0.376076
1.000000 0.000000
0.280775 4.168126
0.999530 0.000940
0.888315 0.210896
0.998885 0.002229
0.438967 0.807308
0.903027 0.184541
1.000000 0.000000
0.998669 0.002659
1.000000 0.000000
0.999991 0.000018
1.000000 0.000000
0.906925 0.177487
0.877656 0.229721
1.000000 0.000000
1.000000 0.000000
1.000000 0.000000
0.999998 0.000005
0.775093 0.399230
0.999926 0.000148
1.000000 0.000000
0.996146 0.007692
1.000000 0.000000
0.455126 0.792860
1.000000 0.000000
1.000000 0.000000
1.000000 0.000000
0.999996 0.000008
1.000000 0.000000
0.827369 0.315460
1.000000 0.000000
0.393056 0.845507
0.995224 0.009530
0.422515 0.821481
0.904228 0.182372
0.999965 0.000071
1.000000 0.000000
0.564168 0.681714
0.999551 0.000898
0.998607 0.002785
1.000000 0.000000
0.412280 0.830025
0.606143 0.632590
1.000000 0.000000
0.994962 0.010051
0.958770 0.080759
0.975264 0.048861
0.308026 0.905120
0.895726 0.197675
0.281059 0.921006
0.680625 0.536750
0.280779 0.921163
0.999934 0.000132
1.000000 0.000000
0.969945 0.059207
1.000000 0.000000
0.980754 0.038122
1.000000 0.000000
0.993927 0.012109
0.281030 0.921022
1.000000 0.000000
0.394420 0.844433
0.309404 0.904269
0.999669 0.000663
0.666160 0.556231
0.713889 0.490363
1.000000 0.000000
0.910011 0.171880
1.000000 0.000000
0.699278 0.511010
1.000000 0.000000
0.999909 0.000182
0.999998 0.000004
0.643857 0.585448
1.000000 0.000000
1.000000 0.000000
0.997588 0.004819
0.961984 0.074587
0.706075 0.501458
0.825289 0.318899
0.999961 0.000078
0.999900 0.000200
1.000000 0.000000
0.996744 0.006501
0.807549 0.347865
1.000000 0.000000
1.000000 0.000000
0.887964 0.211520
0.999959 0.000081
1.000000 0.000000
1.000000 0.000000
1.000000 0.000000
0.746534 0.442687
1.000000 0.000000
0.964414 0.069906
1.000000 0.000000
1.000000 0.000000
0.969010 0.061019
0.304850 0.907067
0.941818 0.112979
0.280777 0.921164
0.280775 0.921165
0.661705 0.562147
1.000000 0.000000
0.826721 0.316532
0.748455 0.439815
0.647464 0.580791
0.996536 0.006916
1.000000 0.000000
0.999058 0.001884
0.692817 0.520005
1.000000 0.000000
0.697683 0.513239
0.833916 0.304584
1.000000 0.000000
1.000000 0.000000
0.844204 0.287319
1.000000 0.000000
1.000000 0.000000
0.868937 0.244948
0.308963 0.904542
0.861940 0.257059
0.927694 0.139385
1.000000 0.000000
0.999918 0.000164
1.000000 0.000000
1.000000 0.000000
0.997821 0.004353
1.000000 0.000000
0.810860 0.342506
0.322842 0.895773
0.987095 0.025643
1.000000 0.000000
1.000000 0.000000
1.000000 0.000000
1.000000 0.000000
1.000000 0.000001
0.866015 0.250017
1.000000 0.000000
0.952945 0.091897
0.989251 0.021382
0.765499 0.414012
0.952928 0.091929
0.280775 5.814795
1.000000 0.000000
0.357935 0.871882
0.411735 0.830474
0.995991 0.008001
0.281115 0.920974
0.891432 0.205349
0.948013 0.101271
0.280776 0.921165
0.995614 0.008752
0.999961 0.000077
0.999923 0.000155
1.000000 0.000000
0.999479 0.001042
0.999811 0.000378
1.000000 0.000000
1.000000 0.000000
0.983292 0.033136
1.000000 0.000001
1.000000 0.000000
1.000000 0.000000
0.999020 0.001959
0.721954 0.478782
0.923530 0.147092
0.950378 0.096781
0.997645 0.004705
0.999998 0.000003
1.000000 0.000000
0.953019 0.091755
1.000000 0.000000
0.547879 0.699828
0.672285 0.548032
0.538386 0.710141
0.988754 0.022365
0.282607 0.920133
1.000000 0.000000
0.998044 0.003909
0.998859 0.002280
1.000000 0.000000
1.000000 0.000000
0.999814 0.000372
1.000000 0.000000
0.901735 0.186875
0.999967 0.000066
0.639974 0.590434
0.999829 0.000341
1.000000 0.000000
1.000000 0.000000
0.952513 0.092718
0.943886 0.109079
1.000000 0.000000
1.000000 0.000000
1.000000 0.000000
0.540660 0.707686
0.983567 0.032595
0.999799 0.000401
0.280895 0.921098
0.999999 0.000002
0.280776 0.921165
0.950969 0.095657
0.990046 0.019810
1.000000 0.000000
0.998794 0.002410
1.000000 0.000000
1.000000 0.000000
0.961951 0.074651
0.984461 0.030836
1.000000 0.000000
0.998651 0.002696
0.997239 0.005514
1.000000 0.000000
0.989229 0.021427
0.999888 0.000224
0.889947 0.207994
0.999969 0.000062
0.999999 0.000001
0.368903 0.863911
0.995404 0.009171
1.000000 0.000000
0.978452 0.042631
0.992867 0.014216
0.902703 0.185128
0.999747 0.000507
0.939447 0.117440
0.948747 0.099879
1.000000 0.000000
1.000000 0.000000
0.938837 0.118585
1.000000 0.000000
1.000000 0.000000
0.985705 0.028386
0.874068 0.236004
0.993515 0.012929
0.999815 0.000371
1.000000 0.000000
0.999916 0.000169
0.965166 0.068454
0.846975 0.282633
0.999976 0.000048
0.999874 0.000253
0.639692 0.590794
1.000000 0.000001
1.000000 0.000000
1.000000 0.000000
1.000000 0.000000
0.836107 0.300926
0.996460 0.007068
0.280857 0.921119
0.280775 0.921165
0.813307 0.338531
0.973200 0.052882
0.866558 0.249078
1.000000 0.000000
0.999194 0.001611
1.000000 0.000000
0.997174 0.005643
1.000000 0.000000
0.879531 0.226425
0.992317 0.015307
1.000000 0.000000
1.000000 0.000000
1.000000 0.000000
0.999745 0.000509
1.000000 0.000000
0.636127 0.595342
1.000000 0.000000
0.994129 0.011708
0.543622 0.704475
1.000000 0.000000
0.319669 0.897812
0.996338 0.007310
0.877300 0.230344
0.996787 0.006416
0.999999 0.000003
0.281580 0.920713
0.999985 0.000030
0.951263 0.095098
0.521259 0.728289
0.991961 0.016014
0.831485 0.308633
1.000000 0.000000
0.994450 0.011069
0.907399 0.176627
1.000000 0.000000
1.000000 0.000000
0.292620 0.914373
0.864502 0.252636
0.525040 0.724333
1.000000 0.000000
1.000000 0.000000
1.000000 0.000000
0.651506 0.575540
1.000000 0.000000
0.853809 0.271010
1.000000 0.000000
0.999999 0.000002
0.990848 0.018221
0.280798 0.921152
1.000000 0.000000
0.964085 0.070540
1.000000 0.000000
0.509649 0.740258
0.999776 0.000447
0.986460 0.026896
0.996574 0.006841
0.967766 0.063429
0.999235 0.001530
0.856937 0.265659
0.998792 0.002415
1.000000 0.000000
0.999997 0.000006
1.000000 0.000000
0.915088 0.162613
1.000000 0.000000
0.583750 0.659236
0.917190 0.158762
1.000000 0.000000
1.000000 0.000000
0.510292 0.739602
1.000000 0.000000
0.818030 0.330827
0.728051 0.469942
1.000000 0.000000
1.000000 0.000000
0.999999 0.000002
0.999643 0.000713
1.000000 0.000000
0.989141 0.021600
0.979061 0.041439
1.000000 0.000000
0.996552 0.006885
0.908622 0.174405
0.999997 0.000006
1.000000 0.000000
1.000000 0.000000
0.343343 0.882116
1.000000 0.000000
0.997967 0.004061
1.000000 0.000000
0.976190 0.047053
0.987355 0.025130
1.000000 0.000000
1.000000 0.000000
0.638327 0.592538
1.000000 0.000000
1.000000 0.000000
0.999614 0.000772
0.282165 0.920383
0.280775 0.921165
1.000000 0.000000
0.945812 0.105439
0.706321 0.501110
1.000000 0.000000
0.725974 0.472961
0.744642 0.445508
1.000000 0.000000
0.630769 0.602131
1.000000 0.000000
1.000000 0.000000
0.998698 0.002602
1.000000 0.000000
1.000000 0.000000
1.000000 0.000000
0.837006 0.299420
0.997079 0.005834
1.000000 0.000000
0.998299 0.003398
0.984621 0.030521
0.994242 0.011483
0.542224 0.705993
1.000000 0.000000
0.755624 0.429032
1.000000 0.000000
0.999908 0.000184
0.570294 0.674765
0.639960 0.590451
0.910423 0.171129
0.346088 0.880223
1.000000 0.000000
1.000000 0.000000
1.000000 0.000000
1.000000 0.000000
1.000000 0.000000
0.319210 0.898105
0.943056 0.110646
1.000000 0.000000
0.560338 0.686022
1.000000 0.000000
1.000000 0.000000
1.000000 0.000000
0.999905 0.000191
0.932972 0.129564
1.000000 0.000000
0.524568 0.724828
0.392162 0.846209
1.000000 0.000000
1.000000 0.000000
0.828606 0.313412
0.280776 0.921165
1.000000 0.000000
1.000000 0.000000
0.485335 0.764449
1.000000 0.000000
0.654480 0.571655
0.997531 0.004932
1.000000 0.000000
1.000000 0.000000
0.999972 0.000056
1.000000 0.000000
1.000000 0.000000
1.000000 0.000000
1.000000 0.000000
0.999098 0.001803
1.000000 0.000000
1.000000 0.000000
1.000000 0.000000
1.000000 0.000000
1.000000 0.000000
0.652187 0.574653
0.967856 0.063254
1.000000 0.000000
1.000000 0.000000
1.000000 0.000000
0.999692 0.000616
1.000000 0.000000
0.354554 0.874291
1.000000 0.000000
0.882598 0.221020
0.980725 0.038179
0.992717 0.014514
0.989730 0.020434
0.725449 0.473724
0.984302 0.031149
0.965246 0.068300
0.999949 0.000102
1.000000 0.000000
0.912220 0.167854
0.967762 0.063437
0.389406 0.848363
1.000000 0.000001
0.997302 0.005389
0.999989 0.000022
1.000000 0.000000
0.997679 0.004636
0.988888 0.022100
0.646732 0.581738
0.420886 0.822855
0.281012 0.921032
0.280783 0.921161
0.904906 0.181146
1.000000 0.000000
1.000000 0.000000
0.997017 0.005956
0.891542 0.205153
1.000000 0.000000
0.951030 0.095542
0.437569 0.808533
0.999839 0.000321
0.709656 0.496388
0.999993 0.000015
0.999858 0.000284
0.680853 0.536439
0.940667 0.115145
1.000000 0.000000
0.853761 0.271092
0.303757 0.907732
0.999782 0.000436
1.000000 0.000000
0.999980 0.000040
0.870984 0.241387
1.000000 0.000000
0.999193 0.001612
0.997370 0.005253
1.000000 0.000000
0.952483 0.092775
0.999081 0.001838
1.000000 0.000000
1.000000 0.000000
1.000000 0.000000
0.824578 0.320070
0.947837 0.101606
1.000000 0.000000
0.544447 0.703577
1.000000 0.000000
0.631259 0.601512
0.852763 0.272795
0.582190 0.661055
0.886733 0.213705
0.597172 0.643385
0.974722 0.049917
0.998263 0.003471
0.829785 0.311457
0.645232 0.583676
1.000000 0.000000
0.311009 0.903273
0.281538 0.920736
0.981420 0.036815
0.280775 0.921165
1.000000 0.000000
0.810975 0.342319
1.000000 0.000000
1.000000 0.000000
1.000000 0.000000
0.990655 0.018603
1.000000 0.000000
1.000000 0.000000
0.957311 0.083556
1.000000 0.000000
1.000000 0.000000
1.000000 0.000000
0.330295 0.890905
1.000000 0.000000
1.000000 0.000000
0.951488 0.094671
0.728307 0.469569
1.000000 0.000000
0.699786 0.510300
0.957947 0.082338
1.000000 0.000000
1.000000 0.000000
1.000000 0.000000
1.000000 0.000000
0.987204 0.025429
1.000000 0.000000
0.999817 0.000366
1.000000 0.000000
0.999617 0.000767
1.000000 0.000000
0.909130 0.173483
0.867703 0.247091
0.993845 0.012272
0.994739 0.010495
1.000000 0.000000
0.741898 0.449588
1.000000 0.000000
1.000000 0.000000
0.698637 0.511906
1.000000 0.000000
1.000000 0.000000
0.310667 0.903486
0.941909 0.112807
0.335848 0.887206
0.999997 0.000006
1.000000 0.000000
1.000000 0.000000
0.280815 0.921143
0.999987 0.000026
0.913215 0.166039
1.000000 0.000001
0.999993 0.000015
1.000000 0.000000
0.989996 0.019907
1.000000 0.000000
0.999460 0.001080
1.000000 0.000000
0.999819 0.000363
1.000000 0.000000
0.964214 0.070292
1.000000 0.000000
0.874624 0.235032
1.000000 0.000000
0.916195 0.160586
0.915620 0.161640
0.999987 0.000026
1.000000 0.000000
0.280853 0.921122
0.636409 0.594984
0.999519 0.000962
0.654587 0.571516
0.814730 0.336214
0.997726 0.004543
0.997513 0.004969
0.938427 0.119355
0.999872 0.000257
0.983357 0.033008
0.283074 0.919869
0.921308 0.151192
0.999998 0.000003
0.767963 0.410233
0.999935 0.000130
1.000000 0.000000
0.998508 0.002982
0.661913 0.561872
0.966606 0.065672
0.981473 0.036710
0.983161 0.033394
1.000000 0.000000
0.642612 0.587049
0.283911 0.919394
0.284199 0.919231
1.000000 0.000000
0.980068 0.039466
0.988921 0.022035
0.973608 0.052087
0.668750 0.552774
0.997804 0.004387
1.000000 0.000000
0.921520 0.150801
1.000000 0.000000
0.909387 0.173016
0.999999 0.000001
0.988758 0.022357
0.815489 0.334978
0.985867 0.028065
0.995876 0.008232
0.991056 0.017809
0.986568 0.026683
0.994142 0.011682
0.999449 0.001102
1.000000 0.000000
1.000000 0.000000
0.961116 0.076256
0.999994 0.000011
0.965306 0.068185
0.999964 0.000072
1.000000 0.000000
0.990491 0.018928
0.751519 0.435220
0.919768 0.154026
0.886974 0.213277
0.848684 0.279735
1.000000 0.000000
0.805683 0.350875
0.868842 0.245114
0.626729 0.607211
1.000000 0.000000
0.938823 0.118611
1.000000 0.000000
0.791251 0.373923
1.000000 0.000000
0.947618 0.102021
0.846435 0.283547
0.961320 0.075864
1.000000 0.000000
1.000000 0.000000
1.000000 0.000000
1.000000 0.000000
1.000000 0.000000
1.000000 0.000000
0.620482 0.615002
1.000000 0.000000
0.999664 0.000672
0.999986 0.000027
0.296618 0.912018
0.284994 0.918778
0.280785 0.921160
0.999996 0.000008
1.000000 0.000000
0.280775 0.921165
1.000000 0.000000
0.999993 0.000015
1.000000 0.000000
0.726607 0.472043
0.999826 0.000349
1.000000 0.000000
1.000000 0.000000
1.000000 0.000000
0.421471 0.822362
1.000000 0.000000
0.987468 0.024906
0.999997 0.000006
0.951234 0.095155
1.000000 0.000000
1.000000 0.000000
0.994151 0.011663
0.999989 0.000022
0.883393 0.219618
0.998911 0.002177
0.933028 0.129458
0.905234 0.180552
1.000000 0.000000
1.000000 0.000000
0.999916 0.000168
1.000000 0.000000
0.827555 0.315154
0.941515 0.113550
1.000000 0.000000
0.997271 0.005450
0.999944 0.000113
0.877373 0.230217
0.999988 0.000024
1.000000 0.000000
1.000000 0.000000
0.942450 0.111789
1.000000 0.000000
0.680842 0.536454
1.000000 0.000000
1.000000 0.000000
1.000000 0.000000
0.999036 0.001926
1.000000 0.000000
1.000000 0.000000
1.000000 0.000000
0.611559 0.625995
1.000000 0.000000
0.322747 0.895834
1.000000 0.000000
0.280776 0.921165
0.817726 0.331324
0.956268 0.085551
0.837400 0.298761
1.000000 0.000000
1.000000 0.000000
0.964124 0.070465
0.408322 0.833273
1.000000 0.000000
1.000000 0.000000
0.985477 0.028835
0.944727 0.107492
0.793044 0.371081
1.000000 0.000000
1.000000 0.000000
0.745715 0.443910
0.999999 0.000002
0.642422 0.587294
1.000000 0.000000
1.000000 0.000000
0.994583 0.010804
1.000000 0.000000
1.000000 0.000000
1.000000 0.000000
0.307188 0.905636
0.839329 0.295526
0.674892 0.544521
0.369897 0.863176
1.000000 0.000000
1.000000 0.000000
1.000000 0.000000
0.844428 0.286941
1.000000 0.000000
0.869144 0.244589
0.945782 0.105497
1.000000 0.000000
0.753168 0.432738
0.999959 0.000082
0.634714 0.597139
0.982858 0.033991
0.840491 0.293576
0.786122 0.382013
0.995011 0.009952
0.885012 0.216753
0.865159 0.251499
0.872118 0.239410
1.000000 0.000000
0.280778 0.921164
0.357142 0.872449
1.000000 0.000000
1.000000 0.000000
0.286707 0.917799
1.000000 0.000000
1.000000 0.000000
0.914300 0.164056
0.462147 0.786420
1.000000 0.000000
0.992799 0.014351
1.000000 0.000000
1.000000 0.000000
1.000000 0.000000
0.813356 0.338452
0.999999 0.000002
0.999991 0.000019
0.911445 0.169268
1.000000 0.000000
1.000000 0.000000
0.999998 0.000004
0.922378 0.149219
1.000000 0.000000
1.000000 0.000000
0.990002 0.019897
0.984124 0.031500
0.999552 0.000896
0.956154 0.085770
1.000000 0.000000
0.766553 0.412397
0.999990 0.000019
0.354702 0.874186
1.000000 0.000000
0.993988 0.011989
0.885807 0.215346
1.000000 0.000000
0.636248 0.595189
0.854279 0.270207
0.398513 0.841188
0.998073 0.003850
0.999992 0.000016
0.996436 0.007116
1.000000 0.000000
1.000000 0.000000
0.904979 0.181013
1.000000 0.000000
0.850914 0.275945
1.000000 0.000000
0.987092 0.025648
0.999966 0.000068
1.000000 0.000000
0.995000 0.009976
0.280940 0.921073
0.692760 0.520084
0.280781 0.921162
1.000000 0.000000
0.999953 0.000094
1.000000 0.000000
1.000000 0.000000
0.586716 0.655764
0.876106 0.232438
0.592702 0.648704
1.000000 0.000000
1.000000 0.000000
1.000000 0.000000
1.000000 0.000000
1.000000 0.000000
1.000000 0.000000
1.000000 0.000000
0.542680 0.705498
0.972562 0.054123
1.000000 0.000000
0.978262 0.043004
1.000000 0.000000
1.000000 0.000000
0.998895 0.002208
1.000000 0.000000
1.000000 0.000000
1.000000 0.000000
1.000000 0.000000
0.999734 0.000532
1.000000 0.000000
1.000000 0.000000
0.987657 0.024533
0.281445 0.920789
1.000000 0.000000
0.454066 0.793824
0.999901 0.000199
0.999699 0.000602
0.985232 0.029319
0.807771 0.347506
1.000000 0.000000
0.892363 0.203688
0.976280 0.046878
1.000000 0.000000
0.892057 0.204234
0.999817 0.000366
1.000000 0.000000
1.000000 0.000000
0.666413 0.555894
1.000000 0.000000
1.000000 0.000000
0.293579 0.913811
0.999973 0.000055
0.280775 0.921165
1.000000 0.000000
0.999000 0.001998
1.000000 0.000000
1.000000 0.000000
0.945934 0.105210
0.999751 0.000499
1.000000 0.000000
0.935661 0.124538
0.429410 0.815607
0.672187 0.548165
0.953743 0.090373
1.000000 0.000000
1.000000 0.000000
1.000000 0.000000
0.955077 0.087828
1.000000 0.000000
1.000000 0.000000
1.000000 0.000000
1.000000 0.000000
0.999917 0.000167
0.902951 0.184679
0.989831 0.020234
1.000000 0.000000
0.654739 0.571317
1.000000 0.000000
0.280776 0.921165
1.000000 0.000000
0.999866 0.000269
1.000000 0.000000
0.987354 0.025133
0.281909 0.920528
0.998780 0.002439
0.821502 0.325134
0.998693 0.002612
0.999999 0.000003
1.000000 0.000000
1.000000 0.000000
0.986732 0.026360
0.312685 0.902228
1.000000 0.000000
0.735939 0.458394
1.000000 0.000000
0.382176 0.853942
1.000000 0.000000
0.994480 0.011009
0.996584 0.006820
1.000000 0.000000
1.000000 0.000000
1.000000 0.000000
0.973741 0.051829
0.830571 0.310152
0.909273 0.173223
1.000000 0.000000
1.000000 0.000000
0.992318 0.015306
0.996056 0.007872
0.999966 0.000067
0.998724 0.002550
0.972977 0.053316
0.728167 0.469773
0.573790 0.670765
0.999982 0.000037
0.882617 0.220988
0.951415 0.094809
0.999940 0.000119
0.815938 0.334244
0.281034 0.921020
1.000000 0.000000
0.981703 0.036259
0.995350 0.009278
0.982496 0.034701
0.930912 0.133403
0.861850 0.257215
0.983219 0.033280
1.000000 0.000000
0.359224 0.870958
0.635398 0.596269
0.688809 0.525542
0.285656 0.918401
1.000000 0.000000
1.000000 0.000000
0.999992 0.000016
0.800303 0.359514
0.930019 0.135064
0.850848 0.276058
0.342503 0.882692
1.000000 0.000000
1.000000 0.000000
0.451883 0.795802
0.954219 0.089465
0.999773 0.000454
0.849742 0.277938
0.919718 0.154118
1.000000 0.000000
1.000000 0.000000
0.920087 0.153441
1.000000 0.000000
0.999311 0.001378
0.968341 0.062316
0.280776 0.921165
1.000000 0.000000
1.000000 0.000000
0.999863 0.000275
0.999900 0.000201
1.000000 0.000000
0.999900 0.000199
0.912036 0.168190
0.998702 0.002595
0.634259 0.597716
0.998703 0.002592
0.999641 0.000718
0.776131 0.397621
0.731970 0.464220
1.000000 0.000000
1.000000 0.000000
0.458022 0.790216
0.959559 0.079246
1.000000 0.000000
0.775698 0.398293
1.000000 0.000000
0.979738 0.040113
1.000000 0.000000
0.998511 0.002977
0.999482 0.001036
0.693173 0.519511
1.000000 0.000000
0.999999 0.000001
1.000000 0.000000
0.952059 0.093584
1.000000 0.000000
1.000000 0.000000
1.000000 0.000000
1.000000 0.000000
0.996634 0.006722
1.000000 0.000000
1.000000 0.000000
1.000000 0.000000
0.344910 0.881037
1.000000 0.000000
0.759665 0.422909
1.000000 0.000000
0.333059 0.889072
0.998581 0.002835
0.298258 0.911042
0.999999 0.000001
0.280792 0.921156
0.479441 0.770137
0.973855 0.051606
0.999634 0.000731
0.280777 0.921164
1.000000 0.000000
1.000000 0.000000
1.000000 0.000000
0.934650 0.126429
1.000000 0.000000
0.921284 0.151236
0.860544 0.259464
1.000000 0.000000
0.887566 0.212227
0.775188 0.399083
1.000000 0.000000
0.960482 0.077474
1.000000 0.000000
0.999673 0.000653
0.957273 0.083629
1.000000 0.000000
0.735013 0.459756
0.845138 0.285742
1.000000 0.000000
1.000000 0.000000
1.000000 0.000000
0.863483 0.254398
1.000000 0.000000
1.000000 0.000000
1.000000 0.000000
0.811544 0.341396
0.647171 0.581170
1.000000 0.000000
1.000000 0.000000
1.000000 0.000000
0.999929 0.000143
0.895944 0.197284
0.687113 0.527875
0.388986 0.848690
1.000000 0.000000
0.996263 0.007460
0.941340 0.113879
0.780606 0.390654
0.564720 0.681092
0.999990 0.000020
1.000000 0.000000
0.953614 0.090621
0.793551 0.370276
0.999996 0.000007
0.989177 0.021530
0.839849 0.294654
1.000000 0.000000
0.286053 0.918174
1.000000 0.000000
0.281534 0.920739
0.999994 0.000012
0.638412 0.592431
0.997404 0.005184
1.000000 0.000000
0.997195 0.005603
1.000000 0.000000
0.998067 0.003862
0.864809 0.252105
0.713732 0.490587
1.000000 0.000000
0.861428 0.257942
0.974350 0.050643
1.000000 0.000000
0.999991 0.000018
1.000000 0.000000
1.000000 0.000000
0.999701 0.000598
0.794342 0.369021
0.999703 0.000595
0.960587 0.077273
1.000000 0.000000
1.000000 0.000000
0.305470 0.906688
1.000000 0.000000
1.000000 0.000000
0.900694 0.188751
1.000000 0.000000
0.910620 0.170770
0.934336 0.127016
1.000000 0.000000
1.000000 0.000000
0.999923 0.000154
0.817631 0.331480
1.000000 0.000000
1.000000 0.000000
0.999998 0.000004
0.997937 0.004122
0.999999 0.000001
0.861316 0.258135
1.000000 0.000000
0.999955 0.000089
1.000000 0.000000
1.000000 0.000000
0.978773 0.042002
1.000000 0.000000
0.999996 0.000008
0.999971 0.000058
0.902355 0.185756
0.281557 0.920726
0.280783 0.921161
1.000000 0.000000
1.000000 0.000000
0.999995 0.000011
0.872028 0.239568
0.984204 0.031343
0.953312 0.091197
0.954401 0.089119
1.000000 0.000000
0.833374 0.305488
0.963736 0.071212
0.638896 0.591812
0.999991 0.000019
0.999997 0.000005
0.951386 0.094865
0.827081 0.315937
1.000000 0.000000
0.999998 0.000004
0.987726 0.024397
0.999963 0.000073
1.000000 0.000000
0.924300 0.145669
0.981707 0.036251
1.000000 0.000000
1.000000 0.000000
0.812267 0.340223
1.000000 0.000000
1.000000 0.000000
1.000000 0.000000
1.000000 0.000000
1.000000 0.000000
1.000000 0.000000
1.000000 0.000000
1.000000 0.000000
1.000000 0.000000
0.999994 0.000012
0.999473 0.001054
0.999849 0.000302
0.648615 0.579298
0.999724 0.000553
0.996893 0.006205
0.999998 0.000004
0.999815 0.000370
0.402512 0.837984
0.981118 0.037407
0.443369 0.803424
0.526459 0.722841
0.337962 0.885781
0.293256 0.914001
1.000000 0.000000
0.280798 0.921152
1.000000 0.000000
0.985583 0.028626
0.975629 0.048147
0.994774 0.010425
0.999998 0.000004
1.000000 0.000000
1.000000 0.000000
1.000000 0.000000
1.000000 0.000000
0.977181 0.045116
0.935337 0.125145
0.961234 0.076029
1.000000 0.000000
1.000000 0.000000
0.989100 0.021682
0.963747 0.071192
1.000000 0.000000
0.999940 0.000120
1.000000 0.000000
1.000000 0.000000
1.000000 0.000001
0.999987 0.000026
0.830493 0.310281
0.998095 0.003805
0.988675 0.022522
0.899619 0.190685
0.955375 0.087259
0.812733 0.339465
1.000000 0.000000
1.000000 0.000000
0.999021 0.001956
0.792273 0.372303
0.992024 0.015888
0.384129 0.852445
1.000000 0.000000
1.000000 0.000000
1.000000 0.000000
0.999998 0.000005
1.000000 0.000000
1.000000 0.000000
1.000000 0.000000
0.999996 0.000009
0.674337 0.545270
0.685710 0.529802
1.000000 0.000000
0.877693 0.229655
0.998289 0.003418
0.999997 0.000007
0.281341 0.920847
0.280775 1.420290
1.000000 0.000000
1.000000 0.000000
1.000000 0.000000
0.854824 0.269276
0.999911 0.000178
0.306931 0.905794
0.987995 0.023865
1.000000 0.000000
0.809567 0.344601
0.999773 0.000455
0.830205 0.310760
0.281515 0.920750
0.999929 0.000142
0.999895 0.000210
0.999854 0.000292
0.448772 0.798603
0.680614 0.536764
0.991095 0.017730
0.283188 0.919805
1.000000 0.000000
0.823346 0.322102
0.987507 0.024829
1.000000 0.000000
0.506423 0.743535
1.000000 0.000000
1.000000 0.000000
0.719688 0.482049
0.650315 0.577090
1.000000 0.000000
1.000000 0.000000
1.000000 0.000000
0.999925 0.000149
0.700869 0.508783
1.000000 0.000000
0.986668 0.026486
0.999999 0.000001
1.000000 0.000000
0.290038 0.915878
1.000000 0.000000
0.700883 0.508763
0.999458 0.001084
0.636251 0.595185
0.997180 0.005632
0.998437 0.003124
1.000000 0.000000
0.929550 0.135938
1.000000 0.000000
0.280942 0.921072
0.804385 0.352965
0.280800 0.921151
0.946081 0.104930
0.475121 0.774260
0.775154 0.399136
1.000000 0.000000
1.000000 0.000000
1.000000 0.000000
0.955217 0.087560
0.363699 0.867723
0.923478 0.147188
0.364929 0.866827
0.984170 0.031409
0.983820 0.032098
0.976057 0.047314
0.403044 0.837556
0.672189 0.548161
0.364697 0.866996
0.999960 0.000080
0.949146 0.099121
1.000000 0.000000
0.999168 0.001664
0.713843 0.490428
0.984069 0.031608
0.999883 0.000233
0.999991 0.000018
0.538540 0.709975
0.483864 0.765876
0.344541 0.881292
0.972085 0.055050
0.460459 0.787977
0.328599 0.892023
0.998434 0.003129
1.000000 0.000000
0.999963 0.000075
0.999115 0.001770
1.000000 0.000000
1.000000 0.000000
0.426287 0.818280
0.331081 0.890385
0.285462 0.918511
1.000000 0.000000
0.732148 0.463960
0.927187 0.140324
1.000000 0.000000
0.999846 0.000309
0.826587 0.316753
0.761920 0.419477
1.000000 0.000000
0.998872 0.002255
0.284636 0.918982
0.280776 0.921165
1.000000 0.000000
1.000000 0.000000
1.000000 0.000000
1.000000 0.000000
0.362472 0.868614
1.000000 0.000000
1.000000 0.000000
0.999998 0.000003
0.999671 0.000658
1.000000 0.000000
0.857872 0.264056
1.000000 0.000000
0.405411 0.835642
1.000000 0.000000
0.793891 0.369737
0.988675 0.022521
1.000000 0.000000
0.299521 0.910287
0.820695 0.326460
0.999959 0.000082
0.282358 0.920274
1.000000 0.000000
1.000000 0.000000
0.999901 0.000197
1.000000 0.000000
1.000000 0.000000
1.000000 0.000000
1.000000 0.000001
0.866860 0.248554
1.000000 0.000000
1.000000 0.000000
0.993764 0.012432
1.000000 0.000000
0.999308 0.001383
1.000000 0.000000
1.000000 0.000000
0.901257 0.187736
0.999993 0.000013
1.000000 0.000000
1.000000 0.000000
1.000000 0.000000
0.993640 0.012680
0.981077 0.037487
0.283483 0.919637
1.000000 0.000000
0.280828 0.921136
0.857581 0.264554
0.994401 0.011167
0.385686 0.851246
0.280775 0.921165
0.810598 0.342931
1.000000 0.000000
1.000000 0.000000
0.930911 0.133405
0.832006 0.307766
0.833237 0.305717
1.000000 0.000000
0.999667 0.000667
0.997966 0.004063
0.941283 0.113986
0.999274 0.001452
0.994444 0.011082
0.775434 0.398702
1.000000 0.000000
0.998301 0.003395
0.838027 0.297711
1.000000 0.000000
0.999719 0.000561
0.955605 0.086818
0.997641 0.004713
1.000000 0.000000
1.000000 0.000000
1.000000 0.000000
0.994828 0.010317
0.701606 0.507750
0.983876 0.031988
1.000000 0.000000
0.632034 0.600533
1.000000 0.000001
1.000000 0.000000
1.000000 0.000000
0.301316 0.909209
1.000000 0.000000
0.987892 0.024069
1.000000 0.000000
1.000000 0.000000
1.000000 0.000000
0.998674 0.002651
1.000000 0.000000
0.668309 0.553364
0.575605 0.668679
1.000000 0.000000
0.752488 0.433762
0.902690 0.185152
0.999997 0.000006
1.000000 0.000000
0.959414 0.079525
0.280895 0.921098
1.000000 0.000000
1.000000 0.000000
0.999999 0.000003
1.000000 0.000000
0.969480 0.060108
0.313152 0.901936
0.667131 0.554936
0.374219 0.859960
1.000000 0.000000
0.559000 0.687519
1.000000 0.000000
1.000000 0.000000
0.801347 0.357844
1.000000 0.000000
0.999990 0.000019
0.991415 0.017097
0.996216 0.007554
0.965820 0.067192
0.449820 0.797662
0.996601 0.006787
0.790216 0.375559
1.000000 0.000000
0.743356 0.447422
0.288219 0.916930
0.909611 0.172608
0.997078 0.005835
0.512340 0.737508
1.000000 0.000000
0.745722 0.443899
0.994384 0.011201
0.505782 0.744185
0.999988 0.000025
0.344890 0.881051
1.000000 0.000000
0.284109 0.919282
0.999923 0.000155
1.000000 0.000000
0.798546 0.362325
0.999986 0.000028
0.841096 0.292558
0.894018 0.200731
0.999963 0.000073
0.490667 0.759246
0.423469 0.820674
1.000000 0.000000
0.281571 0.920718
0.999460 0.001079
1.000000 0.000000
0.591613 0.649994
0.280823 0.921138
0.280776 0.921165
0.862084 0.256810
0.400041 0.839967
0.971195 0.056780
0.991137 0.017647
0.997979 0.004037
0.330916 0.890495
0.981315 0.037021
1.000000 0.000000
0.674899 0.544511
0.999863 0.000273
0.310424 0.903637
0.918906 0.155612
0.595806 0.645015
0.367044 0.865279
0.948404 0.100530
0.854127 0.270467
0.997726 0.004544
0.999806 0.000388
0.996677 0.006635
0.334379 0.888191
0.782510 0.387677
0.913949 0.164697
0.950054 0.097398
1.000000 0.000000
1.000000 0.000000
0.998862 0.002275
1.000000 0.000000
0.517865 0.731816
1.000000 0.000000
0.952728 0.092310
1.000000 0.000000
1.000000 0.000000
0.995564 0.008853
0.297549 0.911464
0.999996 0.000009
0.979593 0.040397
0.999991 0.000019
0.370060 0.863055
0.836245 0.300694
0.999999 0.000002
0.972734 0.053789
0.291371 0.915103
1.000000 0.000000
1.000000 0.000000
0.919857 0.153862
1.000000 0.000000
1.000000 0.000000
0.285655 0.918401
0.281874 0.920547
0.280775 0.921165
0.794303 0.369083
1.000000 0.000000
0.940490 0.115479
0.841536 0.291817
0.689968 0.523944
0.959252 0.079835
1.000000 0.000000
0.990881 0.018155
0.964783 0.069194
1.000000 0.000000
1.000000 0.000000
1.000000 0.000000
1.000000 0.000000
0.329084 0.891704
0.989132 0.021617
0.998829 0.002341
1.000000 0.000000
1.000000 0.000000
1.000000 0.000000
1.000000 0.000000
1.000000 0.000000
0.908288 0.175013
0.999970 0.000060
0.814803 0.336096
1.000000 0.000000
0.950299 0.096931
0.975997 0.047430
0.763480 0.417098
1.000000 0.000000
0.904081 0.182638
0.442331 0.804343
0.999987 0.000026
0.983605 0.032520
0.661022 0.563050
0.999750 0.000500
0.996529 0.006930
0.996807 0.006375
0.985190 0.029402
0.999702 0.000595
0.856312 0.266729
0.989421 0.021047
1.000000 0.000000
0.999991 0.000018
0.314392 0.901158
0.405920 0.835229
0.980871 0.037892
1.000000 0.000000
1.000000 0.000000
0.700572 0.509198
0.280895 0.921098
0.280776 0.921165
0.294766 0.913113
1.000000 0.000000
0.722330 0.478239
0.992010 0.015916
0.954391 0.089137
1.000000 0.000000
0.848796 0.279545
0.822797 0.323006
0.997277 0.005438
1.000000 0.000000
0.652551 0.574177
0.595106 0.645848
1.000000 0.000000
0.997638 0.004718
0.999974 0.000051
0.805630 0.350960
0.281273 0.920886
1.000000 0.000000
0.474234 0.775102
1.000000 0.000000
0.407696 0.833784
1.000000 0.000000
0.844214 0.287303
0.303693 0.907771
0.975405 0.048584
0.940151 0.116117
1.000000 0.000000
1.000000 0.000000
0.346044 0.880253
0.312068 0.902613
0.519029 0.730609
0.974022 0.051280
0.998713 0.002572
0.903573 0.183556
0.825471 0.318597
1.000000 0.000000
0.930004 0.135093
0.979191 0.041184
0.992111 0.015716
1.000000 0.000000
1.000000 0.000000
0.779145 0.392933
0.997058 0.005875
0.634799 0.597030
0.607360 0.631114
1.000000 0.000000
0.968178 0.062632
0.280781 0.921162
0.280775 0.921165
0.914937 0.162890
1.000000 0.000000
0.904853 0.181241
1.000000 0.000000
0.990776 0.018364
0.999986 0.000029
0.962303 0.073972
0.999977 0.000045
0.944612 0.107707
1.000000 0.000000
0.741140 0.450712
1.000000 0.000000
0.962186 0.074198
1.000000 0.000000
1.000000 0.000000
1.000000 0.000000
1.000000 0.000000
0.988291 0.023281
0.676310 0.542604
0.999991 0.000018
0.698395 0.512244
1.000000 0.000000
1.000000 0.000000
1.000000 0.000000
0.917164 0.158810
0.679120 0.538796
1.000000 0.000000
1.000000 0.000000
1.000000 0.000000
1.000000 0.000000
0.914226 0.164190
1.000000 0.000000
0.616793 0.619567
1.000000 0.000000
1.000000 0.000000
0.982193 0.035297
0.859237 0.261711
0.997251 0.005491
1.000000 0.000000
1.000000 0.000000
0.994290 0.011388
0.999999 0.000003
1.000000 0.000000
1.000000 0.000000
0.982458 0.034776
0.931814 0.131723
0.292255 0.914587
0.592279 0.649205
1.000000 0.000000
0.291573 0.914985
0.280780 0.921163
0.317442 0.899230
0.392445 0.845987
1.000000 0.000000
1.000000 0.000000
1.000000 0.000000
1.000000 0.000000
0.977473 0.044547
0.490086 0.759816
0.759255 0.423532
0.942518 0.111660
1.000000 0.000000
0.580574 0.662934
0.915191 0.162426
0.281198 0.920928
1.000000 0.000000
1.000000 0.000000
0.820383 0.326971
0.972128 0.054967
0.965616 0.067585
0.999959 0.000081
0.998313 0.003372
0.999945 0.000110
0.452869 0.794909
0.657476 0.567725
0.935179 0.125441
0.986227 0.027356
1.000000 0.000000
0.889267 0.209204
0.986072 0.027662
0.998599 0.002801
0.780159 0.391351
0.712452 0.492412
0.705890 0.501719
0.624051 0.610561
0.332681 0.889324
0.670737 0.550112
0.746119 0.443307
0.996443 0.007101
0.842671 0.289905
1.000000 0.000000
0.287024 0.917617
0.992394 0.015155
1.000000 0.000000
0.974688 0.049984
1.000000 0.000000
0.970058 0.058988
0.344535 0.881296
0.995337 0.009304
0.999926 0.000147
0.280775 0.921165
1.000000 0.000000
0.880647 0.224460
1.000000 0.000000
1.000000 0.000000
0.793070 0.371041
1.000000 0.000000
1.000000 0.000000
1.000000 0.000000
1.000000 0.000000
0.839230 0.295693
0.967919 0.063133
1.000000 0.000000
1.000000 0.000000
0.658358 0.566565
1.000000 0.000000
0.978419 0.042696
1.000000 0.000000
0.728179 0.469755
1.000000 0.000000
0.980562 0.038499
1.000000 0.000000
1.000000 0.000000
1.000000 0.000000
0.968806 0.061415
0.991023 0.017873
0.962023 0.074512
0.999448 0.001104
1.000000 0.000000
1.000000 0.000000
0.584446 0.658423
0.999993 0.000013
0.992417 0.015108
0.691075 0.522415
0.996276 0.007434
1.000000 0.000000
0.924397 0.145490
0.658807 0.565973
0.970804 0.057540
0.375663 0.858877
0.999975 0.000050
0.999989 0.000023
0.999763 0.000474
0.948903 0.099583
0.685081 0.530663
0.956034 0.085999
0.357574 0.872141
0.999930 0.000140
0.280864 0.921115
0.280783 0.921161
1.000000 0.000000
1.000000 0.000000
0.990133 0.019637
1.000000 0.000000
1.000000 0.000000
1.000000 0.000000
0.975022 0.049333
0.889426 0.208921
0.981141 0.037361
0.986584 0.026652
1.000000 0.000000
0.751292 0.435561
1.000000 0.000000
0.715090 0.488646
0.986477 0.026862
1.000000 0.000000
0.817280 0.332053
0.935557 0.124732
1.000000 0.000000
0.972678 0.053897
0.704375 0.503855
0.946749 0.103666
0.307257 0.905593
1.000000 0.000000
1.000000 0.000000
1.000000 0.000000
0.990430 0.019048
0.957053 0.084050
0.994221 0.011525
0.593774 0.647433
1.000000 0.000000
1.000000 0.000000
1.000000 0.000000
0.999425 0.001149
1.000000 0.000000
1.000000 0.000000
1.000000 0.000000
0.643907 0.585384
0.999835 0.000330
0.395611 0.843492
0.797605 0.363826
1.000000 0.000000
1.000000 0.000000
0.831852 0.308022
0.699482 0.510725
1.000000 0.000000
0.995453 0.009074
0.304640 0.907194
1.000000 0.000000
0.280798 0.921153
0.280775 5.851492
0.999983 0.000034
1.000000 0.000000
1.000000 0.000000
0.731055 0.465558
1.000000 0.000000
1.000000 0.000000
0.315841 0.900244
0.973078 0.053119
0.993766 0.012430
1.000000 0.000000
1.000000 0.000000
1.000000 0.000000
1.000000 0.000000
1.000000 0.000000
0.964292 0.070141
1.000000 0.000000
1.000000 0.000000
1.000000 0.000000
0.998493 0.003012
1.000000 0.000000
1.000000 0.000000
0.537597 0.710990
0.999999 0.000001
0.994386 0.011197
0.967757 0.063447
1.000000 0.000000
0.659512 0.565044
1.000000 0.000000
0.803308 0.354697
1.000000 0.000000
0.427765 0.817017
0.999974 0.000053
0.990597 0.018717
0.999655 0.000690
0.999998 0.000004
0.999995 0.000010
0.999617 0.000766
1.000000 0.000000
1.000000 0.000000
0.998192 0.003613
0.366731 0.865508
0.325617 0.893974
0.537758 0.710816
1.000000 0.000000
0.997074 0.005844
0.311705 0.902840
0.999996 0.000009
1.000000 0.000000
0.975141 0.049099
0.280777 0.921164
0.999998 0.000005
0.994679 0.010614
0.999975 0.000049
0.981484 0.036690
0.821714 0.324786
1.000000 0.000000
0.989965 0.019970
0.994269 0.011429
0.999995 0.000010
0.999965 0.000071
0.961914 0.074721
0.968161 0.062665
0.898448 0.192791
0.318340 0.898660
0.978097 0.043327
0.999754 0.000492
0.909707 0.172432
1.000000 0.000000
0.830042 0.311030
1.000000 0.000000
1.000000 0.000000
1.000000 0.000000
0.999449 0.001102
0.981549 0.036561
0.863970 0.253555
0.805696 0.350854
0.999544 0.000913
1.000000 0.000000
1.000000 0.000000
0.991615 0.016699
0.992798 0.014352
1.000000 0.000000
0.882982 0.220343
0.459679 0.788695
1.000000 0.000000
0.378659 0.856617
1.000000 0.000001
0.809477 0.344746
0.998418 0.003161
0.412903 0.829511
0.301686 0.908985
0.939094 0.118103
0.983997 0.031750
1.000000 0.000000
1.000000 0.000000
0.999162 0.001675
0.999960 0.000080
0.742907 0.448090
0.280820 0.921140
0.280775 4.312015
0.283660 0.919537
0.405762 0.835357
0.998118 0.003760
0.668056 0.553701
0.631033 0.601797
0.385460 0.851420
1.000000 0.000000
0.927397 0.139935
0.975109 0.049163
0.344923 0.881028
0.955702 0.086634
1.000000 0.000000
0.949815 0.097851
0.800773 0.358762
0.361716 0.869161
1.000000 0.000000
0.974187 0.050959
1.000000 0.000000
1.000000 0.000000
1.000000 0.000000
0.466130 0.782723
0.657382 0.567849
1.000000 0.000000
0.784211 0.385013
0.958236 0.081785
1.000000 0.000000
0.298674 0.910794
0.939459 0.117418
1.000000 0.000000
0.999429 0.001142
0.984808 0.030153
0.642189 0.587593
0.814479 0.336625
0.991992 0.015952
1.000000 0.000000
0.999973 0.000054
0.993893 0.012176
0.673634 0.546218
0.956790 0.084552
0.842169 0.290752
0.998314 0.003368
0.985860 0.028080
1.000000 0.000000
0.960547 0.077350
0.938973 0.118330
1.000000 0.000000
0.873127 0.237649
0.872098 0.239444
0.811897 0.340824
0.280775 2.509420
0.761012 0.420861
0.999919 0.000161
0.376535 0.858222
0.999909 0.000182
1.000000 0.000000
0.965326 0.068145
1.000000 0.000000
0.846837 0.282867
0.837564 0.298487
0.811636 0.341246
0.949257 0.098912
1.000000 0.000000
0.449842 0.797642
0.999989 0.000023
0.467688 0.781268
1.000000 0.000000
0.850799 0.276140
0.906381 0.178473
1.000000 0.000000
0.713053 0.491555
0.319291 0.898053
1.000000 0.000000
0.749232 0.438651
0.280776 0.921165
0.736134 0.458106
0.311016 0.903269
1.000000 0.000000
1.000000 0.000000
0.926143 0.142259
0.860077 0.260268
0.670029 0.551062
0.999881 0.000238
0.716661 0.486397
0.964576 0.069593
0.994288 0.011391
0.993709 0.012543
0.663689 0.559516
0.961101 0.076284
1.000000 0.000000
0.331543 0.890079
0.303057 0.908156
1.000000 0.000000
0.352359 0.875843
0.979849 0.039896
1.000000 0.000000
0.998680 0.002638
0.658622 0.566217
0.807869 0.347348
0.628245 0.605308
0.829602 0.311761
0.998868 0.002262
1.000000 0.000000
1.000000 0.000000
1.000000 0.000000
0.972306 0.054620
0.841676 0.291582
1.000000 0.000000
0.999987 0.000027
0.999801 0.000398
0.965009 0.068758
0.803877 0.353781
0.998710 0.002578
0.999840 0.000321
0.943169 0.110431
1.000000 0.000000
1.000000 0.000000
1.000000 0.000000
1.000000 0.000000
0.735658 0.458808
0.688072 0.526557
1.000000 0.000000
1.000000 0.000000
1.000000 0.000000
0.382527 0.853673
1.000000 0.000000
0.902737 0.185065
1.000000 0.000000
0.995468 0.009044
0.349633 0.877757
0.959065 0.080194
1.000000 0.000000
0.954586 0.088766
0.992588 0.014770
0.814034 0.337349
1.000000 0.000000
0.312466 0.902365
0.287736 0.917208
0.988091 0.023676
0.975313 0.048764
0.981366 0.036920
0.974470 0.050409
1.000000 0.000000
1.000000 0.000000
0.716269 0.486959
1.000000 0.000000
0.307912 0.905190
0.961695 0.075143
0.400664 0.839468
0.281291 0.920875
0.280775 4.380949
0.572290 0.672485
0.998801 0.002397
0.995923 0.008138
1.000000 0.000000
1.000000 0.000000
0.284520 0.919049
1.000000 0.000000
1.000000 0.000000
0.311186 0.903163
0.997305 0.005384
1.000000 0.000000
0.998484 0.003030
0.923438 0.147262
1.000000 0.000000
0.878695 0.227895
0.304266 0.907422
1.000000 0.000000
0.985565 0.028661
0.923537 0.147079
1.000000 0.000000
1.000000 0.000000
0.923036 0.148005
1.000000 0.000000
1.000000 0.000000
0.999939 0.000122
0.969472 0.060124
1.000000 0.000000
1.000000 0.000000
0.999986 0.000027
0.998016 0.003964
0.999517 0.000965
0.984095 0.031557
0.999688 0.000624
0.822770 0.323050
0.516469 0.733260
0.962606 0.073391
1.000000 0.000000
1.000000 0.000000
0.991814 0.016304
1.000000 0.000000
1.000000 0.000000
1.000000 0.000000
1.000000 0.000000
0.632326 0.600163
1.000000 0.000000
0.965083 0.068615
1.000000 0.000000
1.000000 0.000000
0.728122 0.469839
0.280783 0.921161
1.000000 0.000000
0.999964 0.000072
0.759707 0.422845
0.979964 0.039670
0.719515 0.482299
0.963874 0.070947
1.000000 0.000000
0.996731 0.006528
0.999543 0.000914
1.000000 0.000000
0.993300 0.013354
0.980746 0.038136
0.998844 0.002310
0.676083 0.542911
0.956744 0.084642
0.999941 0.000119
1.000000 0.000000
0.907206 0.176977
1.000000 0.000000
0.843732 0.288117
0.999528 0.000943
0.982152 0.035378
0.340042 0.884371
0.678213 0.540027
0.999997 0.000006
0.999223 0.001554
1.000000 0.000000
1.000000 0.000000
0.283351 0.919712
0.936047 0.123816
0.674781 0.544670
1.000000 0.000000
0.940925 0.114660
1.000000 0.000000
0.641484 0.588498
0.723577 0.476436
0.980270 0.039071
0.999496 0.001008
0.994491 0.010988
0.927332 0.140055
1.000000 0.000000
1.000000 0.000000
0.731050 0.465566
0.962062 0.074437
0.280908 0.921091
0.998899 0.002200
0.424263 0.820001
0.560227 0.686145
0.280776 0.921165
0.999972 0.000056
0.917108 0.158913
0.977045 0.045382
0.999710 0.000579
0.932439 0.130558
0.999954 0.000092
1.000000 0.000000
1.000000 0.000000
0.999930 0.000139
1.000000 0.000000
0.813024 0.338992
1.000000 0.000000
0.995057 0.009861
0.689351 0.524795
1.000000 0.000000
0.913357 0.165779
0.695300 0.516559
0.999998 0.000005
0.999362 0.001276
0.999418 0.001164
1.000000 0.000000
0.751410 0.435383
0.999539 0.000921
0.953346 0.091131
0.999575 0.000850
0.852052 0.274007
0.998813 0.002373
0.983619 0.032494
0.641480 0.588503
1.000000 0.000000
1.000000 0.000000
0.868534 0.245648
0.946178 0.104747
0.350344 0.877259
1.000000 0.000000
0.708895 0.497467
0.996270 0.007447
0.508558 0.741369
1.000000 0.000000
0.990420 0.019068
1.000000 0.000000
0.999494 0.001013
0.299166 0.910500
1.000000 0.000000
0.856632 0.266182
0.768077 0.410057
1.000000 0.000000
0.971710 0.055779
0.281110 0.920977
0.982500 0.034694
0.280776 0.921165
1.000000 0.000000
1.000000 0.000000
0.997741 0.004513
0.513312 0.736511
0.993654 0.012652
0.966774 0.065348
0.999347 0.001306
1.000000 0.000000
1.000000 0.000000
1.000000 0.000000
0.851119 0.275596
1.000000 0.000000
0.475246 0.774141
0.992789 0.014371
1.000000 0.000000
1.000000 0.000000
0.281116 0.920974
0.769536 0.407814
0.828206 0.314076
0.856903 0.265718
0.445298 0.801710
1.000000 0.000000
0.942021 0.112596
1.000000 0.000000
0.815766 0.334526
0.809943 0.343992
1.000000 0.000000
0.995662 0.008657
0.586774 0.655696
0.966040 0.066767
0.922181 0.149583
1.000000 0.000000
0.935460 0.124914
0.988590 0.022690
1.000000 0.000000
0.308762 0.904666
0.998465 0.003068
1.000000 0.000000
0.964436 0.069864
1.000000 0.000000
0.818353 0.330298
0.775274 0.398950
1.000000 0.000000
0.292778 0.914281
0.999870 0.000260
0.924756 0.144827
1.000000 0.000000
0.282906 0.919964
0.388539 0.849037
0.280776 0.921165
1.000000 0.000000
0.889545 0.208709
1.000000 0.000000
0.999998 0.000004
1.000000 0.000000
1.000000 0.000000
0.996923 0.006145
1.000000 0.000000
0.999999 0.000002
1.000000 0.000000
1.000000 0.000000
0.722197 0.478431
0.999504 0.000991
0.997632 0.004731
0.654461 0.571681
0.422046 0.821877
0.829866 0.311322
0.640147 0.590212
0.390556 0.847466
0.782326 0.387965
1.000000 0.000000
0.999981 0.000038
0.942315 0.112042
0.996384 0.007219
0.634465 0.597455
0.958122 0.082003
0.999998 0.000003
0.795034 0.367921
0.907936 0.175653
0.855334 0.268404
1.000000 0.000000
1.000000 0.000000
0.912725 0.166932
1.000000 0.000000
1.000000 0.000000
1.000000 0.000000
0.966528 0.065824
1.000000 0.000000
0.290148 0.915814
0.753056 0.432907
1.000000 0.000000
0.999981 0.000038
1.000000 0.000000
1.000000 0.000000
0.914497 0.163694
0.994682 0.010608
0.863499 0.254369
0.996016 0.007952
0.987683 0.024482
0.280775 0.921165
1.000000 0.000000
0.993559 0.012841
1.000000 0.000000
0.920196 0.153240
1.000000 0.000000
1.000000 0.000000
0.991019 0.017881
0.999990 0.000019
0.999703 0.000594
0.999320 0.001360
0.989701 0.020492
0.990992 0.017934
0.326398 0.893464
0.461611 0.786916
1.000000 0.000000
0.810955 0.342352
0.697523 0.513462
1.000000 0.000000
1.000000 0.000000
0.996862 0.006267
0.291271 0.915161
0.854510 0.269813
1.000000 0.000000
1.000000 0.000000
0.998747 0.002505
0.341060 0.883678
0.725765 0.473266
0.896644 0.196030
0.972536 0.054174
0.432425 0.813009
0.806778 0.349109
1.000000 0.000000
0.547051 0.700735
0.994038 0.011888
0.729166 0.468317
1.000000 0.000000
0.934480 0.126747
0.953213 0.091386
0.648527 0.579413
1.000000 0.000000
0.970574 0.057986
0.768772 0.408990
0.998920 0.002159
1.000000 0.000000
0.696297 0.515170
0.286018 0.918193
0.999986 0.000027
0.309643 0.904121
0.280816 0.921142
0.280775 0.921165
0.973704 0.051901
0.832695 0.306619
0.999992 0.000015
0.999999 0.000003
1.000000 0.000000
0.281966 0.920495
0.664924 0.557876
1.000000 0.000000
1.000000 0.000000
0.810467 0.343144
1.000000 0.000000
1.000000 0.000000
0.986138 0.027531
1.000000 0.000000
0.984919 0.029934
0.999957 0.000087
1.000000 0.000000
1.000000 0.000000
1.000000 0.000000
0.315373 0.900540
0.815943 0.334237
1.000000 0.000000
0.998288 0.003422
0.647513 0.580727
0.520439 0.729143
1.000000 0.000000
0.636626 0.594707
1.000000 0.000000
0.744483 0.445746
0.999036 0.001927
0.988772 0.022329
1.000000 0.000000
1.000000 0.000000
0.856610 0.266219
0.839822 0.294700
0.998381 0.003235
0.997862 0.004272
1.000000 0.000000
0.787986 0.379078
0.925131 0.144132
0.644104 0.585131
0.285433 0.918528
1.000000 0.000000
0.920738 0.152242
0.646447 0.582106
0.890581 0.206865
1.000000 0.000000
0.655481 0.570344
0.281155 0.920952
0.280790 0.921157
0.294190 0.913452
0.734157 0.461014
0.998213 0.003571
0.773574 0.401583
0.862657 0.255822
0.921975 0.149962
0.668323 0.553345
1.000000 0.000000
1.000000 0.000000
1.000000 0.000000
0.998888 0.002223
0.559993 0.686408
1.000000 0.000000
0.303348 0.907980
0.999977 0.000047
0.497280 0.752713
0.881223 0.223445
0.632705 0.599684
1.000000 0.000000
0.999604 0.000792
1.000000 0.000000
0.837405 0.298754
0.458290 0.789970
0.934126 0.127409
1.000000 0.000000
1.000000 0.000000
0.718223 0.484156
0.999961 0.000079
0.664554 0.558368
1.000000 0.000000
0.999172 0.001656
1.000000 0.000000
1.000000 0.000000
0.475153 0.774229
1.000000 0.000000
0.530885 0.718161
0.999860 0.000279
0.936761 0.122479
1.000000 0.000000
0.803782 0.353935
0.826550 0.316814
0.999873 0.000255
0.323292 0.895483
0.764254 0.415916
0.998921 0.002156
0.305425 0.906715
0.281178 0.920939
1.000000 0.000000
0.280794 0.921154
0.280776 0.921165
0.835772 0.301486
0.987138 0.025559
0.281950 0.920504
1.000000 0.000000
1.000000 0.000000
0.999999 0.000002
1.000000 0.000000
0.988041 0.023776
1.000000 0.000000
1.000000 0.000000
0.504849 0.745127
0.511068 0.738809
1.000000 0.000000
1.000000 0.000000
0.959521 0.079320
1.000000 0.000000
0.985721 0.028355
0.412662 0.829710
0.770176 0.406828
1.000000 0.000000
1.000000 0.000000
0.999541 0.000918
0.996906 0.006178
1.000000 0.000000
1.000000 0.000000
1.000000 0.000000
1.000000 0.000000
1.000000 0.000000
0.359609 0.870681
1.000000 0.000000
0.790826 0.374594
0.813901 0.337565
1.000000 0.000000
0.977054 0.045365
1.000000 0.000000
1.000000 0.000000
1.000000 0.000000
0.284752 0.918916
0.869216 0.244464
0.297616 0.911425
0.280869 0.921112
1.000000 0.000000
0.999178 0.001643
0.304827 0.907080
0.841815 0.291347
0.995099 0.009777
0.961838 0.074868
1.000000 0.000000
0.956564 0.084986
0.523471 0.725978
1.000000 0.000000
0.908426 0.174761
0.657517 0.567672
1.000000 0.000000
0.346626 0.879850
0.904519 0.181846
1.000000 0.000000
0.997514 0.004966
0.914723 0.163282
1.000000 0.000000
1.000000 0.000000
1.000000 0.000000
0.990843 0.018230
0.631356 0.601390
0.954029 0.089829
1.000000 0.000000
1.000000 0.000000
0.998970 0.002060
1.000000 0.000000
0.999911 0.000178
0.999828 0.000344
1.000000 0.000000
0.999082 0.001835
0.637274 0.593882
0.960889 0.076692
0.851192 0.275472
1.000000 0.000000
0.999997 0.000006
1.000000 0.000000
1.000000 0.000000
0.999367 0.001265
0.970568 0.057998
0.999999 0.000003
1.000000 0.000000
0.858770 0.262514
1.000000 0.000000
0.986061 0.027684
0.998137 0.003723
0.999381 0.001237
0.999351 0.001298
0.807444 0.348035
1.000000 0.000000
0.980538 0.038545
0.999988 0.000023
0.999997 0.000006
1.000000 0.000000
1.000000 0.000000
0.999609 0.000781
0.281796 0.920591
0.280776 0.921165
0.340362 0.884154
0.999973 0.000055
1.000000 0.000000
0.923209 0.147684
1.000000 0.000000
0.635789 0.595772
1.000000 0.000000
0.998685 0.002629
1.000000 0.000000
1.000000 0.000000
1.000000 0.000000
0.731111 0.465476
1.000000 0.000000
0.929063 0.136841
0.748662 0.439506
1.000000 0.000000
0.998889 0.002220
1.000000 0.000000
0.442072 0.804572
1.000000 0.000000
0.764659 0.415297
0.969376 0.060310
0.811676 0.341183
1.000000 0.000000
0.390010 0.847892
0.305803 0.906485
0.281196 0.920929
1.000000 0.000000
0.999852 0.000297
0.995777 0.008427
1.000000 0.000000
1.000000 0.000000
1.000000 0.000000
1.000000 0.000000
0.996632 0.006725
0.980497 0.038626
0.663741 0.559448
1.000000 0.000000
1.000000 0.000000
0.999952 0.000096
0.770952 0.405634
1.000000 0.000000
0.999418 0.001163
0.991599 0.016731
0.940372 0.115701
0.717024 0.485876
0.957288 0.083599
0.999690 0.000620
0.280787 0.921159
0.280776 0.921165
0.935240 0.125326
1.000000 0.000000
0.973205 0.052872
1.000000 0.000000
0.993568 0.012822
0.997836 0.004324
0.992500 0.014944
1.000000 0.000000
0.905033 0.180915
0.999869 0.000262
0.294188 0.913453
0.459594 0.788774
0.588549 0.653610
1.000000 0.000000
0.999987 0.000025
1.000000 0.000000
0.971654 0.055889
0.887188 0.212897
1.000000 0.000000
1.000000 0.000000
1.000000 0.000000
1.000000 0.000000
0.998209 0.003579
1.000000 0.000000
1.000000 0.000000
0.285269 0.918622
1.000000 0.000000
1.000000 0.000000
0.990884 0.018148
0.894645 0.199611
0.542202 0.706017
0.359771 0.870565
0.997986 0.004024
0.942115 0.112420
0.986096 0.027615
0.999999 0.000001
1.000000 0.000000
0.999896 0.000209
0.875420 0.233639
1.000000 0.000000
0.801921 0.356923
0.656308 0.569260
0.999877 0.000247
0.281613 0.920694
1.000000 0.000000
0.999994 0.000012
0.999999 0.000003
0.929751 0.135564
0.810426 0.343209
0.280781 0.921162
0.995475 0.009030
1.000000 0.000000
1.000000 0.000000
1.000000 0.000000
0.999998 0.000005
0.473622 0.775682
0.396341 0.842914
0.999999 0.000001
0.488812 0.761063
0.761230 0.420529
1.000000 0.000000
0.999991 0.000019
0.999962 0.000077
0.317873 0.898957
1.000000 0.000000
0.293832 0.913663
0.855195 0.268642
1.000000 0.000000
0.421546 0.822299
0.682780 0.533812
0.938557 0.119111
1.000000 0.000000
0.310671 0.903483
1.000000 0.000000
0.999123 0.001753
1.000000 0.000000
0.430442 0.814719
0.999999 0.000003
1.000000 0.000000
0.347356 0.879344
0.362173 0.868831
1.000000 0.000000
0.651292 0.575818
0.970960 0.057237
1.000000 0.000000
0.881819 0.222396
0.851639 0.274710
0.417578 0.825629
0.672563 0.547659
0.450458 0.797088
0.472811 0.776450
0.341580 0.883323
0.999994 0.000012
0.841249 0.292299
0.998940 0.002120
1.000000 0.000000
0.291847 0.914825
0.284689 0.918952
0.280954 0.921065
0.280787 0.921159
1.000000 0.000000
1.000000 0.000000
1.000000 0.000000
0.999834 0.000333
0.904068 0.182661
1.000000 0.000000
0.994903 0.010167
1.000000 0.000000
0.999249 0.001502
1.000000 0.000000
1.000000 0.000001
0.281000 0.921039
0.993464 0.013030
1.000000 0.000000
1.000000 0.000000
0.667331 0.554670
0.572517 0.672224
1.000000 0.000000
0.999271 0.001457
1.000000 0.000000
1.000000 0.000000
0.949726 0.098020
1.000000 0.000000
1.000000 0.000000
1.000000 0.000000
1.000000 0.000000
1.000000 0.000000
0.386182 0.850864
0.985594 0.028604
1.000000 0.000000
0.999996 0.000009
0.996005 0.007974
0.920138 0.153346
1.000000 0.000000
1.000000 0.000000
0.992312 0.015317
0.352454 0.875776
0.511466 0.738402
0.929480 0.136068
1.000000 0.000000
1.000000 0.000000
0.632010 0.600563
0.999983 0.000034
0.989896 0.020106
0.850796 0.276146
0.912779 0.166835
0.995551 0.008878
0.861241 0.258264
0.992520 0.014905
0.280865 0.921115
0.910938 0.170191
1.000000 0.000000
0.472869 0.776395
1.000000 0.000000
0.986099 0.027608
0.772273 0.403595
1.000000 0.000000
1.000000 0.000000
0.999548 0.000903
0.920103 0.153411
0.999551 0.000897
1.000000 0.000000
1.000000 0.000000
1.000000 0.000000
0.457554 0.790644
0.973592 0.052119
1.000000 0.000000
1.000000 0.000000
1.000000 0.000000
1.000000 0.000000
1.000000 0.000000
0.998247 0.003502
0.908910 0.173882
1.000000 0.000000
0.328011 0.892409
1.000000 0.000000
0.999302 0.001396
0.996281 0.007424
0.454189 0.793712
1.000000 0.000000
0.996763 0.006464
1.000000 0.000000
0.996185 0.007616
1.000000 0.000000
0.404512 0.836370
0.373407 0.860567
1.000000 0.000000
0.977112 0.045252
1.000000 0.000000
0.816742 0.332932
1.000000 0.000000
1.000000 0.000000
0.978060 0.043399
0.905615 0.179861
1.000000 0.000000
1.000000 0.000000
1.000000 0.000000
0.650751 0.576524
0.280775 0.921165
0.280775 0.921165
0.630844 0.602035
1.000000 0.000000
1.000000 0.000000
0.970696 0.057749
0.983575 0.032580
0.999714 0.000572
0.979232 0.041105
1.000000 0.000000
0.998564 0.002869
0.999266 0.001467
0.968758 0.061508
0.999952 0.000095
1.000000 0.000000
0.999983 0.000033
1.000000 0.000000
0.955211 0.087573
0.981910 0.035852
0.889733 0.208375
0.863092 0.255072
0.999905 0.000189
0.871159 0.241082
1.000000 0.000000
0.811621 0.341271
0.908349 0.174902
1.000000 0.000000
1.000000 0.000000
1.000000 0.000000
0.998185 0.003626
1.000000 0.000000
1.000000 0.000000
0.999985 0.000030
1.000000 0.000000
1.000000 0.000000
1.000000 0.000000
1.000000 0.000000
0.588859 0.653246
0.950163 0.097190
0.971416 0.056351
0.940687 0.115109
0.999998 0.000003
0.999970 0.000061
0.911106 0.169886
1.000000 0.000000
1.000000 0.000000
0.283025 0.919897
0.768783 0.408972
0.648268 0.579749
0.942710 0.111297
0.280775 0.921165
0.969360 0.060341
0.990346 0.019216
0.285462 0.918511
1.000000 0.000000
1.000000 0.000000
1.000000 0.000000
0.971276 0.056623
1.000000 0.000000
0.991371 0.017183
0.814989 0.335792
0.902737 0.185065
0.982788 0.034127
0.325375 0.894131
0.999992 0.000016
0.999962 0.000077
0.996313 0.007361
1.000000 0.000000
0.913426 0.165654
0.920328 0.152996
1.000000 0.000000
1.000000 0.000000
0.954363 0.089191
0.992283 0.015375
1.000000 0.000000
1.000000 0.000000
0.836915 0.299572
0.810487 0.343111
1.000000 0.000000
1.000000 0.000000
1.000000 0.000000
0.950195 0.097129
0.999782 0.000436
0.832990 0.306127
1.000000 0.000000
0.995836 0.008310
1.000000 0.000000
0.920229 0.153178
0.810541 0.343023
1.000000 0.000000
0.999996 0.000008
1.000000 0.000000
1.000000 0.000000
0.998149 0.003698
0.343757 0.881831
1.000000 0.000000
0.715797 0.487634
0.872906 0.238035
0.736018 0.458277
1.000000 0.000000
0.280800 0.921151
0.280776 0.921165
0.393093 0.845478
1.000000 0.000000
1.000000 0.000000
0.476439 0.773006
0.984939 0.029895
1.000000 0.000000
0.289335 0.916285
0.376104 0.858546
0.282150 0.920391
0.886934 0.213349
0.999896 0.000208
0.633674 0.598457
1.000000 0.000001
0.310342 0.903688
0.801980 0.356829
0.975446 0.048506
0.961695 0.075142
1.000000 0.000000
0.978028 0.043461
0.787919 0.379183
0.344465 0.881344
0.981073 0.037496
1.000000 0.000000
0.999995 0.000011
0.879148 0.227098
0.934764 0.126216
1.000000 0.000000
0.630885 0.601984
1.000000 0.000000
0.938845 0.118570
0.717924 0.484586
0.984630 0.030504
0.940677 0.115128
0.454987 0.792987
0.881852 0.222337
0.986303 0.027207
0.407158 0.834222
1.000000 0.000000
0.978673 0.042199
0.899854 0.190262
0.937097 0.121849
0.700849 0.508811
0.999558 0.000883
0.444466 0.802450
1.000000 0.000000
1.000000 0.000000
0.976085 0.047259
0.908135 0.175291
0.987029 0.025773
0.280776 0.921165
0.967893 0.063183
1.000000 0.000000
0.998802 0.002395
0.904326 0.182195
0.959026 0.080269
0.962262 0.074052
0.999901 0.000198
0.992840 0.014268
0.908719 0.174229
0.939620 0.117114
0.647579 0.580641
0.636979 0.594258
1.000000 0.000000
1.000000 0.000000
0.945255 0.106493
1.000000 0.000000
0.997519 0.004956
0.983792 0.032152
0.722352 0.478208
0.998099 0.003798
0.997856 0.004284
1.000000 0.000000
0.552621 0.694610
0.999211 0.001578
1.000000 0.000000
0.999645 0.000710
0.795165 0.367713
0.997368 0.005257
1.000000 0.000000
0.673736 0.546079
1.000000 0.000000
1.000000 0.000000
1.000000 0.000000
0.970547 0.058038
1.000000 0.000000
1.000000 0.000000
1.000000 0.000000
0.999876 0.000247
0.950653 0.096259
1.000000 0.000000
1.000000 0.000001
0.996909 0.006171
1.000000 0.000000
1.000000 0.000000
1.000000 0.000000
0.933680 0.128241
0.281013 0.921031
1.000000 0.000000
0.999020 0.001958
0.280777 0.921164
0.414109 0.828514
0.993537 0.012885
0.999999 0.000003
1.000000 0.000000
0.729433 0.467928
0.993670 0.012620
1.000000 0.000000
0.998783 0.002432
0.990077 0.019748
0.943551 0.109712
0.973593 0.052118
0.993130 0.013693
1.000000 0.000000
0.631267 0.601502
1.000000 0.000000
0.946364 0.104395
1.000000 0.000000
1.000000 0.000000
1.000000 0.000000
0.677024 0.541638
0.402251 0.838194
1.000000 0.000000
1.000000 0.000000
1.000000 0.000000
1.000000 0.000000
0.835431 0.302056
1.000000 0.000000
1.000000 0.000000
1.000000 0.000000
0.999998 0.000003
1.000000 0.000000
0.639701 0.590782
0.999993 0.000015
0.805206 0.351643
0.998050 0.003896
0.999051 0.001896
0.994031 0.011902
1.000000 0.000000
0.713577 0.490808
1.000000 0.000000
0.999627 0.000746
1.000000 0.000000
0.636481 0.594891
0.295913 0.912435
0.937748 0.120628
0.281049 0.921011
0.375695 0.858853
0.999621 0.000758
0.280780 0.921162
0.280775 0.921165
0.873802 0.236470
0.990302 0.019301
0.704015 0.504363
0.970428 0.058269
0.566853 0.678678
0.935210 0.125382
1.000000 0.000001
0.293595 0.913802
0.999784 0.000433
1.000000 0.000000
1.000000 0.000000
1.000000 0.000000
0.873627 0.236776
0.999981 0.000038
0.997495 0.005003
0.753750 0.431861
0.996142 0.007701
1.000000 0.000000
0.907573 0.176312
1.000000 0.000000
0.282421 0.920238
1.000000 0.000000
1.000000 0.000000
0.968827 0.061375
0.685909 0.529528
0.536651 0.712006
0.970047 0.059008
0.999929 0.000142
1.000000 0.000000
1.000000 0.000000
1.000000 0.000000
0.698019 0.512769
0.985840 0.028119
0.966681 0.065528
0.832601 0.306775
0.979829 0.039934
1.000000 0.000000
0.375806 0.858770
1.000000 0.000000
0.302911 0.908245
0.478025 0.771492
0.499893 0.750107
0.998662 0.002674
0.887683 0.212019
0.313410 0.901774
0.999561 0.000878
0.979208 0.041151
0.280840 0.921129
0.942534 0.111629
0.280779 0.921163
0.956272 0.085543
0.664479 0.558468
0.897741 0.194061
1.000000 0.000000
0.994628 0.010715
0.508310 0.741620
0.997846 0.004302
0.994694 0.010584
0.948604 0.100151
0.806183 0.350068
0.999351 0.001298
0.723295 0.476845
0.999846 0.000308
0.999981 0.000038
0.966859 0.065183
0.445149 0.801842
1.000000 0.000000
0.620336 0.615183
1.000000 0.000000
0.458288 0.789972
1.000000 0.000000
0.982341 0.035006
0.984336 0.031082
0.799120 0.361408
0.792672 0.371671
0.518420 0.731241
0.332423 0.889495
1.000000 0.000000
1.000000 0.000000
0.429827 0.815249
0.368488 0.864217
0.983117 0.033481
1.000000 0.000000
1.000000 0.000000
1.000000 0.000000
1.000000 0.000000
0.994367 0.011234
0.875686 0.233174
0.305281 0.906804
0.795100 0.367815
1.000000 0.000000
0.999999 0.000001
0.879845 0.225872
0.956551 0.085011
0.997000 0.005992
0.987533 0.024779
0.825429 0.318668
0.996918 0.006154
0.280782 0.921161
1.000000 0.000000
0.816744 0.332929
0.859867 0.260629
0.999988 0.000024
0.991842 0.016250
1.000000 0.000000
0.641951 0.587899
0.727510 0.470729
0.445812 0.801252
0.978156 0.043210
0.989548 0.020794
0.999995 0.000011
1.000000 0.000000
0.981856 0.035959
0.485756 0.764041
0.990835 0.018246
0.997051 0.005889
1.000000 0.000000
1.000000 0.000000
0.652749 0.573919
1.000000 0.000000
0.306621 0.905983
1.000000 0.000000
0.296199 0.912266
0.989516 0.020858
0.909721 0.172408
0.976503 0.046441
0.912662 0.167047
0.915097 0.162597
0.922003 0.149910
0.814757 0.336171
0.309012 0.904512
0.928583 0.137734
0.992762 0.014424
0.913769 0.165025
0.289764 0.916037
0.992646 0.014654
0.980832 0.037968
0.928545 0.137803
0.597628 0.642840
1.000000 0.000000
0.802014 0.356773
1.000000 0.000000
0.999328 0.001343
1.000000 0.000000
1.000000 0.000000
1.000000 0.000000
0.280791 0.921156
0.920839 0.152056
0.989011 0.021857
1.000000 0.000000
1.000000 0.000000
0.652602 0.574110
0.985777 0.028244
0.841730 0.291491
0.992200 0.015540
1.000000 0.000000
0.999998 0.000004
0.945234 0.106533
0.935558 0.124732
1.000000 0.000000
1.000000 0.000000
1.000000 0.000000
1.000000 0.000000
0.897973 0.193645
0.299337 0.910397
0.999720 0.000561
1.000000 0.000000
1.000000 0.000000
1.000000 0.000000
0.475941 0.773480
0.999921 0.000157
1.000000 0.000000
0.295930 0.912426
0.313952 0.901434
0.999306 0.001387
1.000000 0.000000
0.979500 0.040581
0.688070 0.526559
0.959780 0.078823
0.394178 0.844624
0.574550 0.669892
0.940259 0.115914
0.501324 0.748674
0.977206 0.045069
0.409387 0.832403
0.457560 0.790639
0.702888 0.505948
0.921187 0.151414
1.000000 0.000000
0.630250 0.602785
0.283583 0.919581
0.288420 0.916814
0.996889 0.006213
0.622445 0.612563
1.000000 0.000000
0.868960 0.244909
0.999968 0.000064
0.928489 0.137907
0.280775 0.921165
0.999152 0.001696
