118.045854
117.165565
119.210752
116.663031
115.718284
117.704248
116.723380
117.908273
116.576357
117.455057
116.687714
118.262286
114.732902
118.937562
117.671425
118.446983
119.146046
118.286824
115.267181
116.892427
118.613806
118.583927
118.683723
118.775260
117.638635
119.380579
119.415315
118.002829
118.477115
117.813388
115.380744
118.440406
118.959524
118.646608
118.869621
118.593348
119.036880
115.704963
115.730253
118.040950
119.371854
118.711289
118.432342
118.333421
118.879677
118.749945
117.850735
118.417599
118.866167
119.313146
118.702400
118.575276
117.122658
118.851370
119.483292
114.098522
117.408384
117.074715
117.584413
118.549773
119.467964
116.792988
118.780804
117.710922
118.627577
117.582426
118.304456
118.099224
117.617202
117.792064
116.819478
116.655562
118.885105
118.576025
118.301323
118.479079
119.140351
115.026589
117.349584
118.601471
119.081218
117.582024
119.017229
117.750474
114.720615
118.085376
118.720765
117.794361
116.479798
118.802649
118.703540
114.777547
118.733373
117.961113
117.777332
118.564396
118.289727
117.364626
117.697831
117.526726
