128.769984
128.769264
128.771079
128.768149
128.769653
128.755493
128.770793
128.758991
128.768781
128.768713
128.769794
128.768764
128.765599
128.770332
128.766451
128.767659
128.767081
126.772571
128.770200
128.767817
128.765158
128.769710
128.767894
128.770411
128.766396
128.769719
128.771027
128.770635
128.771017
128.768450
128.771263
128.767536
128.770965
128.770301
128.769687
128.770005
128.757022
128.768733
128.771841
128.768499
128.762004
128.767773
128.770391
128.752730
128.769857
128.765536
128.765962
128.770514
128.771727
128.767533
128.763385
128.769941
128.771368
128.770336
128.769678
128.763187
128.769560
128.771808
128.771172
128.770365
128.769214
128.606824
128.757765
128.768299
128.769542
128.760900
128.768671
128.764815
128.770569
128.764317
128.770179
128.768487
128.769863
128.764843
128.769975
128.766763
128.768301
128.769072
128.769110
128.770378
128.768404
128.770966
126.777464
128.769586
128.763391
128.759779
128.760296
128.770884
128.740233
128.765235
128.765749
128.761895
128.770316
128.771482
128.771007
128.766970
128.768047
128.768541
128.769858
128.768454
