117.509620
117.508374
117.509998
117.509996
117.509610
117.508701
117.509804
117.509457
117.509218
117.508470
117.509773
117.509572
117.509305
117.509295
117.509403
117.509433
117.509471
117.509431
117.506964
117.509759
117.510271
117.509012
117.506492
117.508843
117.507911
117.509169
117.509872
117.509533
117.508679
117.509043
117.510020
117.508863
117.510025
117.508677
117.509369
117.509108
117.509117
117.509505
117.507002
117.508541
117.508621
117.509546
117.509247
117.510108
117.509971
117.508551
117.508701
117.509972
117.509999
117.508295
117.509837
117.509529
117.509346
117.509463
117.509509
117.509936
117.509573
117.509813
117.509624
117.509039
117.507685
117.510163
117.509825
117.504741
117.508519
117.509795
117.507989
117.507417
117.509539
117.509519
117.507452
117.507812
117.509156
117.510126
117.508253
117.507498
117.509653
117.508043
117.509377
117.510155
117.509735
117.509743
117.509402
117.510031
117.509689
117.506945
117.509526
117.510010
117.510465
117.509628
117.508119
117.508913
117.509752
117.507811
117.508923
117.509497
117.509657
117.509925
117.509834
117.509461
