120.321563
120.321239
120.320421
120.321430
120.319015
120.322206
120.318938
120.321107
120.319731
120.320478
120.321659
120.321011
120.319781
120.321417
120.321087
120.318782
120.320756
120.319095
120.320128
120.322085
120.320182
120.320676
120.321202
120.321837
120.322164
120.320701
120.320288
120.321285
120.322286
114.462499
120.321078
120.321082
120.320961
120.321516
120.321482
114.462733
120.321117
120.321631
120.320711
120.321117
120.320821
120.321555
120.319372
120.320257
120.321168
120.320772
120.318864
120.320054
120.321052
120.321934
120.320678
120.319922
120.321432
120.320880
120.321039
120.320499
120.321689
120.321721
120.320721
120.321393
120.321984
120.319990
120.321944
120.321146
120.321380
120.321091
120.319989
120.320491
120.320930
120.320504
120.321188
120.320998
120.320569
120.321768
114.462386
120.318951
120.321531
120.319903
120.320357
120.320596
120.319253
120.320133
120.321423
120.321133
120.320997
120.320977
120.320106
120.320914
120.319649
120.320565
120.320678
120.321194
120.321423
120.320984
120.319750
120.319819
120.320881
120.318423
120.322301
120.322214
