120.654112
120.654157
120.655027
120.653685
120.652531
120.654126
120.653219
120.651941
118.782231
120.654738
120.654023
120.654408
120.652526
120.653990
120.654841
120.653816
120.654752
120.654164
120.653446
120.654842
120.653953
120.654351
120.654244
120.654471
120.653295
120.654463
120.653959
120.653018
120.654251
120.653421
120.653443
120.653999
120.652649
120.652995
120.653128
120.653769
120.652541
120.653601
120.654126
120.654614
120.654708
120.653801
120.654448
120.653943
120.654615
120.652845
120.653446
120.653343
120.653154
120.654140
120.653698
120.653993
120.654112
120.653339
120.654964
120.654355
120.654279
120.654576
120.651948
120.655099
120.653998
120.654558
120.652490
120.653765
120.654425
120.653731
120.654571
120.654683
120.653545
120.653005
120.654696
120.653611
120.653984
120.653749
120.653692
120.654244
120.653730
120.654241
120.654710
120.653392
120.654068
120.652875
120.652716
120.652502
120.653687
120.653879
120.653386
120.653895
120.652641
118.781269
120.654019
120.654711
120.653291
120.654172
120.653784
120.653929
120.653796
120.652334
120.653020
120.654545
