183.995210
122.663473
24.532695
24.532695
36.799042
104.263952
248.393534
260.659881
254.526707
236.127186
171.728863
156.395929
426.255570
472.254372
105.797246
64.398324
41.398922
4.599880
180.928623
463.054612
159.462515
237.660480
159.462515
61.331737
104.263952
257.593294
367.990420
168.662276
355.724073
39.865629
141.062994
432.388744
49.065389
24.532695
214.661078
361.857246
79.731258
3.066587
128.796647
36.799042
564.251977
222.327545
18.399521
21.466108
481.454133
194.728264
374.123594
634.783475
131.863234
153.329342
110.397126
21.466108
254.526707
91.997605
331.191378
113.463713
183.995210
70.531497
555.052217
159.462515
122.663473
233.060599
285.192576
371.057007
12.266347
269.859641
73.598084
101.197366
36.799042
196.261557
0.000000
631.716888
4.599880
441.588504
208.527905
420.122396
49.065389
45.998803
134.929821
318.925031
196.261557
125.730060
447.721678
478.387546
279.059402
282.125989
561.185391
300.525510
269.859641
91.997605
208.527905
36.799042
147.196168
294.392336
168.662276
110.397126
245.326947
79.731258
364.923833
21.466108
