49.065389
21.466108
22.999401
22.999401
147.196168
0.000000
91.997605
65.931617
164.062396
124.196767
82.797845
6.133174
36.799042
27.599282
23.766048
29.899222
59.798443
3.066587
99.664072
72.064791
154.862635
9.966407
58.265150
49.065389
88.931018
233.060599
130.329940
0.000000
65.931617
62.865030
137.996408
127.263354
71.298144
87.397725
42.165569
96.597485
55.965210
55.198563
9.199761
102.730659
15.332934
16.866228
58.265150
37.565689
68.998204
52.898623
105.030599
26.065988
36.799042
40.632276
42.165569
50.598683
197.794851
153.329342
66.698264
61.331737
18.399521
26.065988
70.531497
8.433114
132.629881
137.996408
47.532096
171.728863
52.131976
42.932216
45.998803
75.131377
16.099581
0.766647
0.000000
3.066587
41.398922
85.864431
96.597485
50.598683
7.666467
65.931617
62.098383
98.130779
61.331737
15.332934
42.932216
42.932216
26.065988
80.497904
0.000000
50.598683
17.632874
119.596887
87.397725
80.497904
73.598084
22.999401
110.397126
95.064192
18.399521
100.430719
0.000000
85.864431
