76.664671
36.799042
128.796647
98.130779
55.198563
134.929821
55.198563
121.130180
47.532096
14.566287
49.065389
98.130779
104.263952
9.199761
53.665270
22.999401
87.397725
58.265150
21.466108
93.530898
44.465509
3.066587
79.731258
2.299940
44.465509
56.731856
22.999401
76.664671
130.329940
149.496108
108.097186
1.533293
86.631078
36.799042
95.064192
73.598084
21.466108
3.066587
150.262755
99.664072
269.859641
0.000000
150.262755
9.199761
44.465509
174.795450
49.832036
26.065988
21.466108
98.897425
59.798443
91.997605
65.931617
1.533293
72.064791
95.064192
18.399521
55.198563
137.996408
33.732455
3.066587
114.997006
96.597485
24.532695
64.398324
82.797845
32.199162
13.032994
162.529102
61.331737
125.730060
6.133174
55.198563
44.465509
58.265150
41.398922
58.265150
121.130180
22.999401
75.898024
21.466108
101.197366
42.932216
13.799641
73.598084
164.062396
39.865629
116.530300
135.696467
104.263952
110.397126
7.666467
94.297545
12.266347
21.466108
144.129581
30.665868
101.197366
113.463713
49.832036
