128.796647
30.665868
6.899820
35.265749
39.098982
95.064192
22.999401
76.664671
139.529701
33.732455
38.332335
9.199761
73.598084
55.965210
59.798443
46.765449
79.731258
9.966407
66.698264
43.698862
56.731856
85.864431
7.666467
42.932216
13.032994
97.364132
24.532695
51.365329
19.932814
6.133174
61.331737
13.032994
146.429521
98.130779
50.598683
37.565689
6.899820
19.932814
49.065389
17.632874
98.130779
10.733054
108.863833
49.832036
13.799641
124.196767
32.199162
105.030599
76.664671
114.230360
57.498503
65.931617
93.530898
41.398922
172.495509
25.299341
43.698862
36.032395
52.131976
36.799042
26.065988
49.065389
31.432515
68.231557
67.464910
58.265150
42.165569
92.764252
24.532695
6.133174
44.465509
27.599282
73.598084
59.798443
33.732455
10.733054
81.264551
26.065988
61.715060
6.133174
4.599880
117.296946
108.097186
88.931018
99.664072
68.998204
71.298144
5.366527
49.065389
5.366527
54.431916
17.632874
9.199761
4.599880
61.331737
53.665270
68.998204
18.399521
59.798443
72.064791
