96.597485
210.061198
309.725270
136.463114
30.665868
9.199761
263.726468
55.198563
211.594492
125.730060
47.532096
22.999401
122.663473
210.061198
107.330539
318.925031
96.597485
27.599282
137.996408
35.265749
6.133174
346.524312
134.929821
27.599282
93.530898
26.065988
18.399521
47.532096
136.463114
156.395929
144.129581
220.794252
32.199162
134.929821
36.799042
55.198563
8.433114
145.662875
128.796647
147.196168
136.463114
33.732455
24.532695
300.525510
233.060599
24.532695
70.531497
12.266347
58.265150
82.797845
88.931018
42.932216
182.461917
73.598084
88.931018
272.926228
306.658683
125.730060
272.926228
96.597485
95.064192
52.131976
21.466108
7.666467
32.199162
45.998803
116.530300
128.796647
193.194971
64.398324
357.257366
91.997605
159.462515
257.593294
39.865629
228.460719
229.994013
88.931018
306.658683
104.263952
58.265150
193.194971
24.532695
269.859641
22.999401
183.995210
262.193174
214.661078
107.330539
272.926228
95.064192
39.865629
98.130779
18.399521
70.531497
42.932216
128.796647
72.064791
0.000000
33.732455
