1.000000 0.000000
0.934998 0.125779
0.280775 7.643964
1.000000 0.000000
1.000000 0.000000
1.000000 0.000000
0.723602 0.476401
0.790807 0.374625
1.000000 0.000000
0.280776 0.921165
1.000000 0.000000
0.582459 0.660741
0.661421 0.562522
0.812402 0.340002
1.000000 0.000000
0.749712 0.437931
0.678109 0.540169
1.000000 0.000000
0.897110 0.195194
0.792518 0.371915
1.000000 0.000000
1.000000 0.000000
0.684553 0.531387
1.000000 0.000000
1.000000 0.000000
0.980480 0.038658
0.747328 0.441502
0.999943 0.000113
1.000000 0.000000
1.000000 0.000000
0.283324 0.919727
1.000000 0.000000
1.000000 0.000000
1.000000 0.000000
0.714641 0.489288
0.744180 0.446196
0.551775 0.695545
0.512451 0.737394
0.671817 0.548662
0.624209 0.610363
0.280776 1.972255
0.847691 0.281419
1.000000 0.000000
1.000000 0.000000
0.547953 0.699748
0.613469 0.623656
1.000000 0.000000
0.282031 0.920458
1.000000 0.000000
1.000000 0.000000
0.762617 0.418415
1.000000 0.000000
0.923881 0.146444
1.000000 0.000000
0.280945 0.921070
1.000000 0.000000
0.581161 0.662252
0.750649 0.436526
1.000000 0.000000
1.000000 0.000000
0.820287 0.327130
0.816851 0.332755
0.866189 0.249716
1.000000 0.000000
0.734021 0.461212
1.000000 0.000000
0.373114 0.860786
1.000000 0.000000
0.280776 3.418994
1.000000 0.000000
0.437269 0.808795
1.000000 0.000000
0.418775 0.824628
0.912672 0.167030
1.000000 0.000000
0.647424 0.580842
0.581161 0.662252
1.000000 0.000000
1.000000 0.000000
1.000000 0.000000
0.495643 0.754339
0.679287 0.538569
1.000000 0.000000
1.000000 0.000000
0.535741 0.712982
0.399749 0.840201
0.280777 3.599694
0.814248 0.337000
0.743153 0.447724
1.000000 0.000000
0.414710 0.828015
0.693211 0.519458
0.565704 0.679979
1.000000 0.000000
1.000000 0.000000
0.280777 3.599694
0.284623 0.918990
0.999964 0.000073
0.563971 0.681936
0.280785 0.921160
0.486174 0.763634
0.280776 4.662927
0.528732 0.720442
0.280784 2.630653
1.000000 0.000000
0.280825 0.921137
0.906845 0.177631
1.000000 0.000000
0.420471 0.823204
1.000000 0.000000
0.990442 0.019025
0.532620 0.716316
1.000000 0.000000
0.561098 0.685169
0.280796 0.921154
1.000000 0.000000
0.684076 0.532039
0.329641 0.891337
0.692048 0.521070
0.666092 0.556321
0.690392 0.523358
1.000000 0.000000
0.665474 0.557144
1.000000 0.000000
0.724262 0.475445
1.000000 0.000000
0.280777 0.921164
0.341408 0.883441
0.829276 0.312302
1.000000 0.000001
0.362176 0.868829
0.470598 0.778537
0.570999 0.673960
1.000000 0.000000
0.787232 0.380265
0.951035 0.095532
0.595798 0.645025
0.750355 0.436967
0.280775 4.057773
1.000000 0.000000
0.930289 0.134562
0.807441 0.348040
1.000000 0.000000
1.000000 0.000000
0.835225 0.302399
0.605699 0.633129
0.791567 0.373422
1.000000 0.000000
0.967793 0.063377
1.000000 0.000000
1.000000 0.000000
0.570518 0.674509
0.999491 0.001017
0.644827 0.584198
1.000000 0.000000
0.916303 0.160388
1.000000 0.000000
0.783123 0.386719
1.000000 0.000000
0.883275 0.219826
1.000000 0.000000
1.000000 0.000000
1.000000 0.000000
1.000000 0.000000
0.634212 0.597775
1.000000 0.000000
0.595056 0.645909
1.000000 0.000000
0.926835 0.140978
1.000000 0.000000
0.280776 4.272450
0.397324 0.842134
0.280780 0.921163
0.851276 0.275329
1.000000 0.000000
1.000000 0.000000
1.000000 0.000000
1.000000 0.000000
1.000000 0.000000
0.530499 0.718571
0.735037 0.459720
0.637935 0.593039
1.000000 0.000000
0.846181 0.283979
1.000000 0.000000
1.000000 0.000000
1.000000 0.000000
0.884706 0.217294
0.336962 0.886457
0.815433 0.335069
0.399854 0.840117
1.000000 0.000000
1.000000 0.000000
0.422520 0.821477
0.408091 0.833462
0.498423 0.751574
0.893537 0.201591
0.696316 0.515144
0.595611 0.645248
0.465551 0.783263
0.546770 0.701043
0.280808 0.921147
0.280775 0.921165
0.502795 0.747198
0.730825 0.465895
0.537078 0.711548
0.984364 0.031027
1.000000 0.000000
0.918062 0.157163
1.000000 0.000000
1.000000 0.000000
0.686923 0.528136
1.000000 0.000000
0.568001 0.677375
0.780569 0.390712
0.712921 0.491744
0.999980 0.000040
1.000000 0.000000
1.000000 0.000000
1.000000 0.000000
1.000000 0.000000
0.711800 0.493341
0.280775 0.921165
0.606718 0.631893
0.280777 5.432765
1.000000 0.000000
1.000000 0.000000
1.000000 0.000000
0.657957 0.567093
1.000000 0.000000
0.280775 5.924108
1.000000 0.000000
1.000000 0.000000
0.903177 0.184272
1.000000 0.000000
0.280798 0.921152
1.000000 0.000000
1.000000 0.000000
1.000000 0.000000
1.000000 0.000000
0.768014 0.410155
1.000000 0.000000
1.000000 0.000000
0.292501 0.914443
0.830991 0.309454
0.796378 0.365783
1.000000 0.000000
0.735686 0.458766
0.342454 0.882725
1.000000 0.000000
1.000000 0.000000
0.281613 0.920694
1.000000 0.000000
1.000000 0.000000
0.280775 2.097742
0.303128 0.908114
0.568877 0.676378
0.836174 0.300813
1.000000 0.000000
0.899948 0.190094
0.906761 0.177785
0.440817 0.805680
0.954439 0.089046
0.618550 0.617395
0.315312 0.900578
0.990606 0.018701
0.503692 0.746294
1.000000 0.000000
0.280784 2.808722
1.000000 0.000000
1.000000 0.000000
1.000000 0.000000
0.378564 0.856689
1.000000 0.000000
0.726593 0.472062
1.000000 0.000000
0.731108 0.465481
0.814434 0.336697
1.000000 0.000000
0.403832 0.836920
0.280779 0.921163
1.000000 0.000000
1.000000 0.000000
1.000000 0.000000
1.000000 0.000000
1.000000 0.000000
0.280778 2.706185
0.543145 0.704994
0.645965 0.582730
0.842775 0.289730
0.728918 0.468678
1.000000 0.000000
1.000000 0.000000
1.000000 0.000000
0.280776 0.921165
0.365245 0.866596
1.000000 0.000000
0.280780 0.921163
0.905412 0.180229
0.293928 0.913606
0.748716 0.439424
0.770804 0.405861
0.491639 0.758291
1.000000 0.000000
1.000000 0.000000
0.664114 0.558953
1.000000 0.000000
0.417095 0.826031
0.814781 0.336132
1.000000 0.000000
1.000000 0.000000
0.887113 0.213030
1.000000 0.000000
0.718086 0.484352
1.000000 0.000000
0.321058 0.896922
1.000000 0.000000
0.719512 0.482302
0.739311 0.453419
1.000000 0.000000
0.413405 0.829096
0.692988 0.519768
1.000000 0.000000
0.897452 0.194580
0.478714 0.770833
0.559335 0.687144
1.000000 0.000000
0.785619 0.382803
0.411446 0.830713
1.000000 0.000000
0.527392 0.721858
1.000000 0.000000
1.000000 0.000000
1.000000 0.000000
0.677641 0.540802
1.000000 0.000000
0.566185 0.679434
0.511784 0.738077
0.280788 0.921158
0.471533 0.777657
0.280815 0.921143
0.404414 0.836450
0.822784 0.323027
1.000000 0.000000
0.344478 0.881335
0.579675 0.663977
1.000000 0.000000
1.000000 0.000000
0.280803 0.921149
0.613572 0.623530
0.810779 0.342637
0.872766 0.238279
0.893222 0.202155
1.000000 0.000000
0.724786 0.474685
0.868781 0.245219
0.599460 0.640648
0.564016 0.681885
0.909409 0.172976
0.636406 0.594987
0.420794 0.822932
0.639453 0.591100
0.280775 6.183429
0.280778 3.400775
0.895593 0.197913
1.000000 0.000000
0.852174 0.273800
0.588956 0.653131
0.430608 0.814577
0.628741 0.604685
0.890154 0.207626
0.448291 0.799035
0.998234 0.003529
0.848837 0.279475
1.000000 0.000000
0.803792 0.353919
0.289901 0.915957
0.684592 0.531334
0.344666 0.881205
1.000000 0.000000
0.545529 0.702398
0.729008 0.468548
0.830261 0.310667
0.964346 0.070038
1.000000 0.000000
0.915529 0.161807
0.423050 0.821029
1.000000 0.000000
1.000000 0.000000
1.000000 0.000000
0.280776 4.716389
0.727257 0.471097
0.999683 0.000633
0.443472 0.803332
0.820137 0.327376
0.482440 0.767251
1.000000 0.000000
0.280777 5.126143
1.000000 0.000000
0.410421 0.831554
0.647546 0.580685
1.000000 0.000000
0.280776 2.175464
0.992128 0.015681
0.929905 0.135277
0.280780 0.921162
0.634974 0.596808
0.584149 0.658770
0.421881 0.822017
0.476426 0.773019
1.000000 0.000000
0.656760 0.568666
0.742915 0.448077
0.854491 0.269845
1.000000 0.000000
0.524439 0.724964
0.776836 0.396525
0.708480 0.498056
0.280776 1.806875
0.872991 0.237887
0.773206 0.402153
1.000000 0.000000
1.000000 0.000000
0.911495 0.169177
0.987456 0.024932
1.000000 0.000000
0.280775 1.550835
0.888316 0.210895
0.898847 0.192075
0.562348 0.683764
0.839315 0.295550
1.000000 0.000000
0.280780 2.650074
0.280775 3.485248
1.000000 0.000000
0.817359 0.331925
0.540570 0.707785
1.000000 0.000000
0.997914 0.004167
0.658501 0.566376
1.000000 0.000000
1.000000 0.000000
0.644584 0.584511
0.420633 0.823068
0.924882 0.144593
1.000000 0.000000
1.000000 0.000000
1.000000 0.000000
1.000000 0.000000
0.824065 0.320917
0.897458 0.194569
0.380024 0.855582
0.280819 0.921141
0.317423 0.899243
0.615867 0.620708
0.873229 0.237471
0.835766 0.301494
0.280779 0.921163
0.775453 0.398673
0.280776 5.440758
0.760673 0.421376
1.000000 0.000000
1.000000 0.000000
0.876957 0.230946
0.646239 0.582375
0.713031 0.491587
0.635542 0.596086
0.867315 0.247764
1.000000 0.000000
0.659170 0.565495
1.000000 0.000000
0.810635 0.342870
0.280776 3.030603
0.884586 0.217508
1.000000 0.000000
0.917781 0.157679
0.362504 0.868591
0.861853 0.257209
1.000000 0.000000
1.000000 0.000000
0.522897 0.726579
0.794057 0.369474
1.000000 0.000000
0.280920 0.921084
0.630975 0.601870
1.000000 0.000000
0.800834 0.358665
0.648419 0.579553
1.000000 0.000000
0.446574 0.800571
1.000000 0.000000
1.000000 0.000000
1.000000 0.000000
1.000000 0.000000
0.808295 0.346659
0.441597 0.804992
0.380039 0.855570
1.000000 0.000000
0.957251 0.083671
0.340080 0.884346
0.917686 0.157852
0.956083 0.085906
0.280775 0.921165
0.280775 0.921165
0.793736 0.369983
1.000000 0.000000
0.817800 0.331204
1.000000 0.000000
0.593283 0.648016
0.526445 0.722855
1.000000 0.000000
0.668295 0.553382
0.947694 0.101877
0.424354 0.819924
1.000000 0.000000
0.363978 0.867520
1.000000 0.000000
1.000000 0.000000
0.281035 0.921019
0.944722 0.107501
0.625177 0.609154
0.280779 0.921163
0.280806 1.983518
0.442296 0.804375
0.456514 0.791595
1.000000 0.000000
0.906941 0.177458
0.877170 0.230572
1.000000 0.000000
0.503138 0.746852
1.000000 0.000000
0.570573 0.674447
1.000000 0.000000
1.000000 0.000000
1.000000 0.000000
0.442543 0.804155
1.000000 0.000000
1.000000 0.000000
0.864644 0.252390
0.280777 0.921164
0.509326 0.740587
1.000000 0.000000
1.000000 0.000000
0.858508 0.262965
1.000000 0.000000
0.811630 0.341257
1.000000 0.000000
1.000000 0.000000
0.931362 0.132565
0.484574 0.765188
0.429652 0.815399
1.000000 0.000000
0.915245 0.162326
0.943567 0.109682
0.810425 0.343211
1.000000 0.000000
0.542814 0.705353
0.280776 5.118049
0.280776 5.220196
1.000000 0.000000
1.000000 0.000000
0.603341 0.635979
0.854759 0.269387
0.860290 0.259901
1.000000 0.000000
0.939839 0.116702
0.999737 0.000526
0.512583 0.737259
0.900693 0.188752
0.801635 0.357382
0.901190 0.187857
1.000000 0.000000
1.000000 0.000000
0.394589 0.844300
0.751999 0.434498
1.000000 0.000000
0.443413 0.803385
0.518111 0.731561
0.951126 0.095360
0.880976 0.223881
0.833187 0.305799
1.000000 0.000000
0.904205 0.182413
0.580791 0.662681
1.000000 0.000000
1.000000 0.000000
0.429929 0.815161
0.945782 0.105495
1.000000 0.000000
0.741203 0.450618
1.000000 0.000000
0.999495 0.001009
0.280783 0.921161
1.000000 0.000000
0.885101 0.216596
1.000000 0.000000
0.743605 0.447052
0.791039 0.374257
1.000000 0.000000
0.431163 0.814099
0.894120 0.200550
0.925941 0.142633
1.000000 0.000000
0.733225 0.462382
1.000000 0.000000
1.000000 0.000000
0.754903 0.430121
0.834826 0.303066
0.280775 0.921165
0.540794 0.707542
0.607972 0.630370
1.000000 0.000000
1.000000 0.000000
0.440263 0.806168
1.000000 0.000000
0.786441 0.381511
0.656842 0.568559
0.998936 0.002126
0.281192 0.920931
1.000000 0.000000
1.000000 0.000000
0.280775 3.273029
0.999983 0.000034
0.349098 0.878131
0.833827 0.304732
0.881789 0.222448
0.927745 0.139289
0.556079 0.690776
0.280775 0.921165
1.000000 0.000000
0.419188 0.824281
1.000000 0.000000
0.771196 0.405256
0.803993 0.353594
0.550411 0.697048
0.934804 0.126141
0.280776 2.984165
0.280794 0.921155
0.791342 0.373778
0.333298 0.888912
1.000000 0.000000
0.607769 0.630616
0.719685 0.482053
0.997580 0.004835
0.977484 0.044526
0.737330 0.456344
1.000000 0.000000
0.363128 0.868138
0.280803 2.305997
0.828388 0.313774
1.000000 0.000000
1.000000 0.000000
0.909235 0.173292
0.446313 0.800805
0.280778 0.921164
0.705674 0.502025
0.806508 0.349545
0.280779 5.766299
1.000000 0.000000
0.280833 0.921133
1.000000 0.000000
0.280775 2.865510
1.000000 0.000000
0.646797 0.581653
0.849963 0.277563
0.559161 0.687339
0.561736 0.684452
0.910552 0.170896
0.895735 0.197659
0.569927 0.675183
0.280776 0.921165
0.794551 0.368689
1.000000 0.000000
0.893327 0.201968
0.524758 0.724629
0.979119 0.041325
1.000000 0.000000
1.000000 0.000000
0.280776 0.921165
1.000000 0.000000
1.000000 0.000000
0.400329 0.839737
0.280782 0.921162
1.000000 0.000000
0.280775 0.921165
1.000000 0.000000
0.693044 0.519690
0.630754 0.602150
0.857186 0.265232
0.521013 0.728546
0.468248 0.780744
0.569381 0.675805
0.418874 0.824544
1.000000 0.000000
0.752464 0.433797
0.445973 0.801108
1.000000 0.000000
0.900431 0.189224
0.280776 6.921895
1.000000 0.000000
0.888916 0.209829
1.000000 0.000000
1.000000 0.000000
0.481885 0.767787
0.344875 0.881061
0.646439 0.582116
0.962256 0.074063
1.000000 0.000000
1.000000 0.000000
0.599849 0.640182
1.000000 0.000000
1.000000 0.000000
1.000000 0.000000
1.000000 0.000000
1.000000 0.000000
1.000000 0.000000
1.000000 0.000000
1.000000 0.000000
0.674731 0.544739
0.670629 0.550257
0.914595 0.163517
1.000000 0.000000
1.000000 0.000000
1.000000 0.000000
1.000000 0.000000
0.280778 4.877388
0.280882 0.921105
0.280775 2.612752
0.848667 0.279765
0.637667 0.593381
1.000000 0.000000
0.518314 0.731351
0.518154 0.731517
1.000000 0.000000
0.502240 0.747755
0.711936 0.493148
0.298329 0.911000
0.280775 0.921165
0.280775 2.612752
1.000000 0.000000
0.932948 0.129609
1.000000 0.000000
0.634375 0.597568
1.000000 0.000000
0.355219 0.873820
0.866924 0.248442
0.742847 0.448178
0.998135 0.003726
0.606001 0.632763
0.885942 0.215106
0.933979 0.127684
0.845431 0.285246
1.000000 0.000000
0.565115 0.680645
1.000000 0.000000
0.523757 0.725679
0.727764 0.470360
1.000000 0.000000
1.000000 0.000000
0.930658 0.133875
0.765745 0.413635
0.682173 0.534641
0.863679 0.254058
0.806642 0.349329
0.631561 0.601131
0.986638 0.026545
0.778220 0.394374
0.886587 0.213963
1.000000 0.000000
0.808301 0.346649
0.822031 0.324265
0.779470 0.392427
0.754672 0.430470
0.767633 0.410739
0.872367 0.238975
1.000000 0.000000
0.874845 0.234646
1.000000 0.000000
1.000000 0.000000
0.999979 0.000043
0.708436 0.498119
0.637398 0.593724
0.536720 0.711931
0.838488 0.296937
1.000000 0.000000
0.377361 0.857599
0.778921 0.393282
0.611657 0.625876
0.404411 0.836452
0.861611 0.257627
0.658360 0.566562
0.460956 0.787519
0.402893 0.837677
0.441269 0.805282
0.331440 0.890147
1.000000 0.000000
0.280779 2.828676
1.000000 0.000000
1.000000 0.000000
0.971357 0.056466
0.424012 0.820214
1.000000 0.000000
1.000000 0.000000
1.000000 0.000000
0.809770 0.344273
0.892387 0.203646
0.655566 0.570233
0.827252 0.315654
0.548044 0.699648
0.564455 0.681390
0.280775 4.720285
0.560890 0.685403
0.687453 0.527408
0.549780 0.697742
0.640902 0.589245
1.000000 0.000000
1.000000 0.000000
1.000000 0.000000
0.784528 0.384516
0.669120 0.552279
1.000000 0.000000
1.000000 0.000000
0.660686 0.563495
0.837780 0.298125
0.610022 0.627874
1.000000 0.000000
1.000000 0.000000
1.000000 0.000000
1.000000 0.000000
0.931439 0.132421
0.386341 0.850741
1.000000 0.000000
1.000000 0.000000
0.999957 0.000086
1.000000 0.000000
0.610022 0.627874
0.415278 0.827544
0.916738 0.159591
0.497916 0.752080
1.000000 0.000000
1.000000 0.000000
0.561133 0.685130
1.000000 0.000000
1.000000 0.000000
1.000000 0.000000
0.542683 0.705495
0.629090 0.604246
1.000000 0.000000
0.818480 0.330090
0.634593 0.597292
1.000000 0.000000
0.830823 0.309733
0.280776 0.921165
0.997147 0.005697
0.394689 0.844220
0.736974 0.456869
0.653513 0.572921
1.000000 0.000000
0.382815 0.853453
1.000000 0.000000
1.000000 0.000000
1.000000 0.000000
1.000000 0.000000
0.994530 0.010909
0.898237 0.193170
1.000000 0.000000
0.926933 0.140795
1.000000 0.000000
0.281350 0.920842
0.707321 0.499697
1.000000 0.000000
0.386771 0.850408
0.809473 0.344754
0.983937 0.031867
0.672203 0.548143
0.813452 0.338296
0.280775 6.360620
1.000000 0.000000
1.000000 0.000000
1.000000 0.000000
0.886347 0.214389
0.834164 0.304170
1.000000 0.000000
0.734725 0.460179
0.566817 0.678719
0.427240 0.817466
1.000000 0.000000
0.280775 0.921165
1.000000 0.000000
1.000000 0.000000
0.280775 3.850336
1.000000 0.000000
0.921060 0.151649
0.387499 0.849844
0.417907 0.825354
0.280780 0.921163
0.550413 0.697045
0.559703 0.686733
0.387067 0.850179
0.680427 0.537019
1.000000 0.000000
0.648836 0.579012
0.492449 0.757494
0.410224 0.831717
1.000000 0.000000
1.000000 0.000000
0.845827 0.284577
0.633913 0.598154
1.000000 0.000000
0.669090 0.552319
1.000000 0.000000
0.529478 0.719653
0.280777 6.590477
1.000000 0.000000
1.000000 0.000000
1.000000 0.000000
0.805102 0.351810
0.637589 0.593481
0.280776 1.561627
0.505831 0.744135
0.476364 0.773078
0.988198 0.023465
1.000000 0.000000
0.557722 0.688946
0.752533 0.433694
0.659501 0.565058
0.999979 0.000043
0.396901 0.842469
0.859522 0.261222
0.729348 0.468051
1.000000 0.000000
0.283965 0.919364
1.000000 0.000000
0.628683 0.604758
1.000000 0.000000
1.000000 0.000000
0.380839 0.854962
0.752155 0.434262
0.433878 0.811750
1.000000 0.000000
0.754821 0.430245
0.471645 0.777551
0.563577 0.682381
0.443801 0.803041
0.280898 0.921096
1.000000 0.000000
1.000000 0.000000
0.644531 0.584579
0.911331 0.169476
0.454028 0.793859
1.000000 0.000000
0.947369 0.102492
1.000000 0.000000
0.416848 0.826238
0.501652 0.748346
1.000000 0.000000
0.782690 0.387397
1.000000 0.000000
0.712666 0.492107
1.000000 0.000000
0.637454 0.593652
0.681211 0.535951
0.436468 0.809496
0.448135 0.799175
0.853464 0.271599
0.505969 0.743995
0.280776 7.165360
1.000000 0.000000
0.280779 5.273045
1.000000 0.000000
0.407621 0.833845
1.000000 0.000000
0.280778 0.921164
0.736410 0.457700
0.748400 0.439897
1.000000 0.000000
0.924598 0.145118
1.000000 0.000000
0.622994 0.611879
1.000000 0.000000
1.000000 0.000000
0.794485 0.368794
0.556407 0.690411
1.000000 0.000000
0.849551 0.278264
0.405299 0.835733
1.000000 0.000000
0.874860 0.234620
1.000000 0.000000
0.865747 0.250481
0.868004 0.246568
0.999969 0.000061
0.428820 0.816113
0.838904 0.296239
0.616486 0.619945
1.000000 0.000000
1.000000 0.000000
0.750022 0.437467
0.438440 0.807770
0.592915 0.648452
1.000000 0.000000
0.643364 0.586083
0.523511 0.725937
1.000000 0.000000
0.665296 0.557382
0.734810 0.460054
1.000000 0.000000
0.445595 0.801445
1.000000 0.000000
1.000000 0.000000
0.863318 0.254682
0.280783 0.921161
0.644421 0.584722
1.000000 0.000000
0.281220 0.920916
1.000000 0.000000
1.000000 0.000000
1.000000 0.000000
0.280776 7.284148
0.693530 0.519016
1.000000 0.000000
1.000000 0.000000
0.280776 0.921165
1.000000 0.000000
0.793135 0.370937
0.643862 0.585442
0.368606 0.864130
1.000000 0.000000
1.000000 0.000000
0.638740 0.592011
0.280786 3.533900
0.892104 0.204150
1.000000 0.000000
0.630744 0.602162
0.426704 0.817924
0.392904 0.845626
0.691533 0.521783
0.280786 0.921159
0.280786 2.815931
1.000000 0.000000
0.759217 0.423590
1.000000 0.000000
0.744609 0.445557
0.479838 0.769756
1.000000 0.000000
0.280783 3.037307
0.453379 0.794447
1.000000 0.000000
1.000000 0.000000
0.409237 0.832525
0.294479 0.913282
0.550596 0.696844
0.738382 0.454792
0.850216 0.277132
1.000000 0.000000
1.000000 0.000000
0.586175 0.656399
1.000000 0.000000
0.926280 0.142006
0.818938 0.329341
0.781708 0.388933
0.961842 0.074861
0.665662 0.556895
0.431280 0.813998
0.861744 0.257398
1.000000 0.000000
0.988329 0.023205
0.699330 0.510938
0.818938 0.329341
0.341403 0.883444
0.429477 0.815550
1.000000 0.000000
1.000000 0.000000
0.971874 0.055461
0.410405 0.831567
0.769291 0.408192
0.548328 0.699336
0.918715 0.155962
0.602186 0.637371
0.280782 2.898014
1.000000 0.000000
1.000000 0.000000
0.534434 0.714380
0.842982 0.289381
0.852283 0.273614
0.508442 0.741487
0.710547 0.495123
0.817691 0.331381
0.497456 0.752538
0.400865 0.839307
0.768916 0.408768
1.000000 0.000000
0.960626 0.077198
0.463616 0.785060
0.770560 0.406238
0.480858 0.768776
0.280778 7.301262
0.597670 0.642791
0.817559 0.331597
1.000000 0.000000
0.459306 0.789038
1.000000 0.000000
0.997073 0.005845
1.000000 0.000000
1.000000 0.000000
0.280777 3.122967
0.538853 0.709637
1.000000 0.000000
0.552998 0.694193
1.000000 0.000000
1.000000 0.000000
0.440751 0.805739
0.553222 0.693945
1.000000 0.000000
1.000000 0.000000
0.462067 0.786494
0.280776 6.402554
0.623421 0.611347
0.522411 0.727087
1.000000 0.000000
1.000000 0.000000
0.551414 0.695943
0.280776 4.511238
0.542245 0.705971
0.555578 0.691333
0.796348 0.365830
1.000000 0.000000
0.768198 0.409871
1.000000 0.000000
0.520143 0.729451
0.669143 0.552248
0.831189 0.309124
0.770907 0.405702
0.744682 0.445449
0.669061 0.552357
1.000000 0.000000
1.000000 0.000000
1.000000 0.000000
0.906540 0.178185
0.515532 0.734227
0.857698 0.264355
0.882127 0.221851
1.000000 0.000000
0.280777 0.921164
0.280782 0.921161
0.802433 0.356102
1.000000 0.000000
1.000000 0.000000
1.000000 0.000000
0.663935 0.559190
1.000000 0.000000
1.000000 0.000000
1.000000 0.000000
0.478762 0.770787
0.856617 0.266207
1.000000 0.000000
0.600025 0.639970
0.280809 0.921146
0.725920 0.473040
0.722365 0.478189
1.000000 0.000000
1.000000 0.000000
1.000000 0.000000
0.616393 0.620059
1.000000 0.000000
0.636696 0.594618
0.368262 0.864383
0.711116 0.494314
0.680669 0.536689
1.000000 0.000000
1.000000 0.000000
0.653034 0.573546
0.319150 0.898144
0.637176 0.594007
0.422847 0.821200
0.851776 0.274478
0.866442 0.249277
0.802937 0.355292
0.441344 0.805216
0.876910 0.231029
0.281280 0.920881
1.000000 0.000000
0.763722 0.416729
0.280785 3.400890
0.928461 0.137960
0.984302 0.031150
0.912342 0.167632
0.280777 6.809478
0.618471 0.617494
1.000000 0.000000
0.866208 0.249683
0.306189 0.906248
1.000000 0.000000
0.923815 0.146567
0.280777 0.921164
1.000000 0.000000
0.280880 2.068504
1.000000 0.000000
0.280777 6.809478
0.610057 0.627830
0.590880 0.650861
0.574092 0.670418
0.830148 0.310855
0.518761 0.730887
1.000000 0.000000
0.533610 0.715261
0.929963 0.135168
0.721998 0.478719
0.678610 0.539489
0.280775 3.710462
0.385050 0.851737
0.789286 0.377028
0.379056 0.856317
0.280779 3.021676
1.000000 0.000000
1.000000 0.000000
0.792617 0.371758
0.825323 0.318842
0.280776 0.921165
0.447350 0.799878
0.280792 0.921156
0.311146 0.903188
0.280777 0.921164
1.000000 0.000000
0.548756 0.698866
0.280776 7.408007
0.280777 5.089716
0.703774 0.504702
0.681769 0.535192
0.920138 0.153345
0.533072 0.715834
0.391545 0.846692
0.280775 0.921165
1.000000 0.000000
0.674061 0.545642
1.000000 0.000000
0.703774 0.504702
0.848178 0.280595
0.824635 0.319978
0.424989 0.819384
1.000000 0.000000
0.357542 0.872164
0.632133 0.600407
0.889732 0.208377
0.797308 0.364300
0.954060 0.089769
1.000000 0.000000
1.000000 0.000000
0.280775 5.971582
0.569808 0.675319
0.621077 0.614263
1.000000 0.000000
0.577428 0.666577
0.919530 0.154464
1.000000 0.000000
0.548015 0.699680
0.999790 0.000421
0.280775 0.921165
1.000000 0.000000
0.287254 0.917485
0.583178 0.659904
0.844151 0.287410
1.000000 0.000000
1.000000 0.000000
1.000000 0.000000
0.999982 0.000036
1.000000 0.000000
0.676729 0.542039
1.000000 0.000000
1.000000 0.000000
0.461064 0.787420
0.869140 0.244596
0.767880 0.410360
0.819547 0.328343
0.994361 0.011246
0.730250 0.466735
0.885389 0.216087
0.734700 0.460216
1.000000 0.000000
0.280802 0.921150
0.357097 0.872482
0.420756 0.822965
0.464339 0.784389
0.667566 0.554355
0.787675 0.379568
0.895248 0.198532
0.303564 0.907849
1.000000 0.000000
0.567701 0.677715
1.000000 0.000000
1.000000 0.000000
0.652297 0.574508
1.000000 0.000000
1.000000 0.000000
0.283383 0.919694
0.480392 0.769224
1.000000 0.000000
1.000000 0.000000
0.622451 0.612554
1.000000 0.000000
1.000000 0.000000
0.280781 4.502295
0.280775 6.433847
1.000000 0.000000
0.431590 0.813730
0.543633 0.704463
0.749006 0.438990
0.699238 0.511066
0.840583 0.293420
0.280779 0.921163
1.000000 0.000000
1.000000 0.000000
1.000000 0.000000
0.672912 0.547190
0.655035 0.570929
0.673526 0.546362
0.563277 0.682719
1.000000 0.000000
0.409866 0.832010
1.000000 0.000000
0.280775 2.844972
1.000000 0.000000
1.000000 0.000000
0.455272 0.792727
1.000000 0.000000
1.000000 0.000000
1.000000 0.000000
1.000000 0.000000
0.280777 0.921164
0.720463 0.480934
1.000000 0.000000
0.507704 0.742236
0.417115 0.826015
0.913574 0.165383
0.890048 0.207815
0.945684 0.105681
0.293021 0.914139
0.464624 0.784124
1.000000 0.000000
0.823315 0.322153
0.620572 0.614890
0.676611 0.542198
0.788429 0.378380
0.901284 0.187687
0.397892 0.841682
1.000000 0.000000
1.000000 0.000000
1.000000 0.000000
1.000000 0.000000
1.000000 0.000000
0.687227 0.527718
1.000000 0.000000
0.482423 0.767268
1.000000 0.000000
0.900116 0.189791
0.770084 0.406970
1.000000 0.000000
0.861611 0.257626
0.888746 0.210131
1.000000 0.000000
1.000000 0.000000
0.586152 0.656426
1.000000 0.000000
0.798984 0.361624
1.000000 0.000000
0.643196 0.586299
0.929652 0.135747
0.588507 0.653659
0.389159 0.848555
0.443110 0.803654
1.000000 0.000000
0.280776 0.921165
1.000000 0.000000
0.963347 0.071962
0.945589 0.105862
1.000000 0.000000
1.000000 0.000000
1.000000 0.000000
1.000000 0.000000
0.650966 0.576244
0.430365 0.814786
0.999778 0.000445
0.748547 0.439678
1.000000 0.000000
1.000000 0.000000
1.000000 0.000000
0.873626 0.236777
1.000000 0.000000
0.650966 0.576244
1.000000 0.000000
0.990896 0.018126
0.280775 0.921165
0.742188 0.449157
0.500537 0.749463
1.000000 0.000000
0.357317 0.872324
1.000000 0.000000
1.000000 0.000000
1.000000 0.000000
0.875502 0.233496
0.596864 0.643754
0.650030 0.577461
1.000000 0.000000
0.745377 0.444413
0.885718 0.215504
0.720638 0.480681
1.000000 0.000000
0.913282 0.165916
0.764578 0.415421
0.856725 0.266022
0.280799 0.921152
0.301336 0.909197
1.000000 0.000000
1.000000 0.000000
0.804756 0.352368
0.465755 0.783073
0.733634 0.461781
1.000000 0.000000
0.280779 0.921163
0.613109 0.624097
0.734529 0.460467
1.000000 0.000000
0.280789 0.921158
0.509208 0.740707
1.000000 0.000000
1.000000 0.000000
0.762990 0.417846
0.868104 0.246395
0.674838 0.544594
0.747156 0.441758
1.000000 0.000000
0.616796 0.619563
0.787408 0.379989
0.491267 0.758657
0.756315 0.427988
0.771970 0.404063
1.000000 0.000000
0.993167 0.013618
0.720657 0.480653
0.837279 0.298964
0.560481 0.685861
0.353930 0.874734
1.000000 0.000000
0.417115 0.826015
1.000000 0.000000
1.000000 0.000000
0.280793 0.921155
1.000000 0.000000
0.677704 0.540717
0.417007 0.826105
0.280879 0.921107
0.280795 1.905567
0.449154 0.798261
0.604145 0.635009
1.000000 0.000000
0.754073 0.431374
0.648769 0.579099
0.395974 0.843204
0.582326 0.660897
1.000000 0.000000
0.838603 0.296745
0.871210 0.240993
1.000000 0.000000
0.402020 0.838380
0.882866 0.220548
1.000000 0.000000
0.895831 0.197487
0.354497 0.874332
0.580847 0.662617
0.919537 0.154451
0.280776 1.719883
1.000000 0.000000
0.741659 0.449942
0.280779 1.707827
0.484504 0.765256
0.579306 0.664404
0.838473 0.296962
0.824414 0.320342
0.901222 0.187799
0.518151 0.731520
0.301703 0.908975
0.982896 0.033916
1.000000 0.000000
1.000000 0.000000
0.566136 0.679490
1.000000 0.000000
0.681692 0.535296
0.621450 0.613800
0.713519 0.490891
0.785666 0.382729
1.000000 0.000000
0.681293 0.535840
1.000000 0.000000
0.728008 0.470004
0.811684 0.341169
0.478418 0.771116
0.899658 0.190615
0.574558 0.669883
1.000000 0.000000
0.413271 0.829207
0.785400 0.383147
0.880055 0.225502
1.000000 0.000000
0.682148 0.534675
0.377576 0.857436
0.719327 0.482569
0.758331 0.424934
0.639519 0.591016
0.641417 0.588584
0.280780 0.921162
0.280779 3.261315
0.505393 0.744578
0.507597 0.742346
0.280823 0.921139
0.916838 0.159408
0.960294 0.077835
1.000000 0.000000
0.911555 0.169067
0.404857 0.836091
0.631405 0.601328
1.000000 0.000000
0.280776 0.921165
0.720917 0.480279
0.422300 0.821662
1.000000 0.000000
1.000000 0.000000
1.000000 0.000000
1.000000 0.000000
0.933040 0.129436
0.996021 0.007943
0.502548 0.747446
0.509863 0.740040
0.815257 0.335356
1.000000 0.000000
1.000000 0.000000
0.705378 0.502442
0.534307 0.714516
0.681310 0.535817
0.769169 0.408379
0.933040 0.129436
0.916990 0.159129
0.280776 0.921165
0.860011 0.260381
0.534944 0.713835
0.651051 0.576132
0.935127 0.125537
0.867605 0.247262
0.777693 0.395193
0.650212 0.577224
0.899413 0.191056
0.481897 0.767775
0.770646 0.406105
0.532877 0.716042
1.000000 0.000000
1.000000 0.000000
1.000000 0.000000
0.855998 0.267268
1.000000 0.000000
1.000000 0.000000
0.280778 5.648010
0.834894 0.302952
0.723533 0.476500
0.619662 0.616020
0.631514 0.601190
0.520471 0.729110
0.905930 0.179291
0.764694 0.415243
0.421027 0.822736
0.845107 0.285793
0.523715 0.725723
0.893641 0.201407
0.384918 0.851838
1.000000 0.000000
1.000000 0.000000
1.000000 0.000000
0.947075 0.103049
0.774187 0.400635
1.000000 0.000000
0.930676 0.133843
0.967487 0.063970
0.510952 0.738928
1.000000 0.000000
0.692368 0.520626
0.930693 0.133811
0.574411 0.670052
0.731867 0.464371
0.692599 0.520306
0.822279 0.323857
0.280801 0.921151
0.675178 0.544135
0.687143 0.527835
0.434717 0.811021
0.280778 1.239201
0.746361 0.442946
0.813265 0.338600
0.903575 0.183552
0.722755 0.477625
0.559271 0.687216
0.280776 1.938872
0.536324 0.712357
0.590107 0.651773
1.000000 0.000000
0.863409 0.254525
1.000000 0.000000
0.498504 0.751493
0.772550 0.403166
0.572637 0.672087
1.000000 0.000000
0.725301 0.473938
0.476042 0.773384
0.502167 0.747828
0.770117 0.406920
0.754934 0.430074
1.000000 0.000000
0.838712 0.296562
1.000000 0.000000
0.658999 0.565720
0.421081 0.822691
1.000000 0.000000
0.923887 0.146433
0.280776 0.921165
0.280776 0.921165
0.280775 2.326758
1.000000 0.000000
1.000000 0.000000
0.669049 0.552374
0.341137 0.883625
1.000000 0.000000
0.528304 0.720895
0.839846 0.294658
0.561522 0.684693
1.000000 0.000000
1.000000 0.000000
0.508227 0.741705
0.936264 0.123410
0.791667 0.373264
1.000000 0.000000
0.641319 0.588710
0.473643 0.775662
0.416233 0.826750
1.000000 0.000000
0.790939 0.374416
0.444333 0.802568
1.000000 0.000000
1.000000 0.000000
0.774333 0.400408
0.758514 0.424657
0.764720 0.415203
1.000000 0.000000
1.000000 0.000000
0.383277 0.853099
1.000000 0.000000
1.000000 0.000000
0.538954 0.709529
0.686702 0.528440
0.280784 2.868765
0.876232 0.232218
0.637487 0.593610
0.860371 0.259761
0.999922 0.000156
0.755877 0.428649
0.765341 0.414254
0.860146 0.260149
1.000000 0.000000
0.280777 0.921164
0.902600 0.185314
0.404059 0.836737
0.280775 0.921165
0.463201 0.785445
0.776655 0.396807
0.988659 0.022553
0.555514 0.691404
0.950797 0.095986
0.522894 0.726582
0.920534 0.152617
0.504094 0.745890
0.413225 0.829245
0.613708 0.623362
0.937072 0.121896
0.396856 0.842505
0.680393 0.537065
0.795119 0.367786
1.000000 0.000000
0.739681 0.452873
1.000000 0.000000
1.000000 0.000000
0.811928 0.340773
0.720200 0.481312
0.815595 0.334806
1.000000 0.000000
1.000000 0.000000
1.000000 0.000000
0.906488 0.178280
1.000000 0.000000
0.280775 0.921165
0.687759 0.526987
0.873500 0.236998
0.280776 0.921165
0.743506 0.447199
0.501732 0.748265
0.949911 0.097669
0.280784 0.921161
0.999996 0.000007
1.000000 0.000000
1.000000 0.000000
0.430933 0.814297
1.000000 0.000000
0.683858 0.532338
1.000000 0.000000
0.669987 0.551118
0.631942 0.600650
1.000000 0.000000
1.000000 0.000000
0.882716 0.220812
0.653589 0.572821
1.000000 0.000000
0.280776 3.936200
0.697600 0.513354
1.000000 0.000000
1.000000 0.000000
0.686230 0.529088
0.280775 0.921165
0.701268 0.508223
0.280775 0.921165
0.649059 0.578722
1.000000 0.000000
1.000000 0.000000
0.698418 0.512212
1.000000 0.000000
0.999700 0.000600
1.000000 0.000000
1.000000 0.000000
1.000000 0.000000
1.000000 0.000000
0.979446 0.040685
0.622793 0.612129
0.449600 0.797860
1.000000 0.000000
0.502617 0.747376
0.852327 0.273539
0.280784 3.379134
0.410853 0.831200
0.280776 4.970228
0.386282 0.850786
0.502987 0.747004
0.415068 0.827718
1.000000 0.000000
0.414902 0.827856
0.852327 0.273539
0.836545 0.300193
0.424974 0.819397
0.343495 0.882011
1.000000 0.000000
1.000000 0.000000
0.650219 0.577215
0.501759 0.748237
0.785666 0.382728
0.679833 0.537828
0.280775 3.952452
1.000000 0.000000
0.806566 0.349451
1.000000 0.000000
0.654231 0.571981
1.000000 0.000000
1.000000 0.000000
0.390786 0.847286
1.000000 0.000000
0.831831 0.308057
0.867539 0.247375
0.799156 0.361350
0.796890 0.364966
0.707383 0.499609
1.000000 0.000000
1.000000 0.000000
0.590551 0.651250
0.329198 0.891629
0.864186 0.253183
1.000000 0.000000
0.784264 0.384929
0.479413 0.770164
0.715626 0.487879
0.998694 0.002609
0.564854 0.680939
0.280775 0.921165
0.574201 0.670293
0.933485 0.128606
0.699495 0.510706
0.636193 0.595259
1.000000 0.000000
1.000000 0.000000
1.000000 0.000000
0.773602 0.401540
0.637209 0.593964
0.440743 0.805746
0.725164 0.474137
0.811896 0.340825
1.000000 0.000000
1.000000 0.000000
1.000000 0.000000
0.414534 0.828161
0.720140 0.481398
1.000000 0.000000
0.998628 0.002742
1.000000 0.000000
0.478416 0.771118
1.000000 0.000000
1.000000 0.000000
0.280812 0.921145
1.000000 0.000000
0.281160 0.920949
0.505687 0.744280
1.000000 0.000000
1.000000 0.000000
0.855834 0.267549
0.796068 0.366275
1.000000 0.000000
1.000000 0.000000
0.910301 0.171352
0.854207 0.270331
0.760334 0.421893
1.000000 0.000000
0.864323 0.252946
0.636020 0.595478
0.749987 0.437520
0.409197 0.832558
0.380883 0.854928
0.936662 0.122665
1.000000 0.000000
1.000000 0.000000
0.877336 0.230281
0.669336 0.551989
0.395248 0.843779
1.000000 0.000000
0.646935 0.581476
0.717681 0.484934
1.000000 0.000000
0.653107 0.573451
1.000000 0.000000
0.895361 0.198329
0.999957 0.000086
0.920027 0.153551
0.910440 0.171099
1.000000 0.000000
1.000000 0.000000
1.000000 0.000000
1.000000 0.000000
0.489129 0.760753
1.000000 0.000000
1.000000 0.000000
0.532339 0.716615
1.000000 0.000000
1.000000 0.000000
1.000000 0.000000
0.541136 0.707172
0.494221 0.755745
1.000000 0.000000
1.000000 0.000000
1.000000 0.000000
1.000000 0.000000
0.788397 0.378430
0.536214 0.712475
0.436090 0.809826
0.280776 3.869914
0.852908 0.272548
0.932318 0.130783
1.000000 0.000000
0.681351 0.535760
1.000000 0.000000
0.461472 0.787043
0.823365 0.322070
0.876595 0.231581
0.760685 0.421359
1.000000 0.000000
0.991150 0.017622
0.762826 0.418097
0.426449 0.818141
1.000000 0.000000
0.915974 0.160992
0.651565 0.575464
0.549168 0.698414
1.000000 0.000000
1.000000 0.000000
0.679205 0.538680
0.756353 0.427930
0.581736 0.661583
0.431395 0.813899
0.280776 1.651550
0.664905 0.557901
1.000000 0.000000
0.755523 0.429185
0.654543 0.571574
0.809973 0.343944
0.966836 0.065229
1.000000 0.000000
0.280811 3.412314
0.280775 3.398751
0.666965 0.555157
1.000000 0.000000
0.452711 0.795053
1.000000 0.000000
0.589776 0.652164
0.425499 0.818950
0.698578 0.511989
0.776844 0.396514
1.000000 0.000000
1.000000 0.000000
0.843638 0.288275
0.851277 0.275327
0.829703 0.311593
0.882331 0.221492
1.000000 0.000000
0.876883 0.231076
0.856687 0.266088
1.000000 0.000000
0.839821 0.294701
0.916547 0.159942
0.783530 0.386081
1.000000 0.000000
1.000000 0.000000
0.715071 0.488673
1.000000 0.000000
0.487754 0.762097
1.000000 0.000000
0.894758 0.199407
0.388617 0.848977
0.741516 0.450155
0.427575 0.817179
1.000000 0.000000
0.998253 0.003490
1.000000 0.000000
0.596614 0.644052
0.884512 0.217638
0.643713 0.585634
1.000000 0.000000
1.000000 0.000000
0.635755 0.595816
0.814455 0.336664
0.897755 0.194036
0.280776 4.518283
0.647582 0.580637
0.301085 0.909348
0.813566 0.338110
1.000000 0.000000
0.856639 0.266169
0.283555 0.919597
1.000000 0.000000
1.000000 0.000000
0.628304 0.605234
0.939001 0.118276
0.638972 0.591715
1.000000 0.000000
0.426100 0.818439
1.000000 0.000000
0.653737 0.572627
0.710569 0.495091
0.984610 0.030543
1.000000 0.000000
0.699437 0.510788
0.280775 0.921165
0.764766 0.415134
0.280776 3.674222
0.280781 0.921162
1.000000 0.000000
1.000000 0.000000
1.000000 0.000000
0.280778 0.921164
1.000000 0.000000
1.000000 0.000000
0.803938 0.353683
0.735595 0.458900
0.461604 0.786921
0.830379 0.310471
0.917181 0.158778
0.280776 3.336343
1.000000 0.000000
0.668496 0.553114
1.000000 0.000000
0.795300 0.367499
1.000000 0.000000
0.821533 0.325083
1.000000 0.000000
1.000000 0.000000
0.281374 0.920829
0.923317 0.147486
0.515865 0.733883
0.814194 0.337089
0.787329 0.380113
0.888832 0.209978
0.587975 0.654285
0.280823 1.816926
0.504594 0.745385
1.000000 0.000000
0.503115 0.746875
0.632557 0.599872
0.301247 0.909250
0.594281 0.646830
1.000000 0.000000
1.000000 0.000000
1.000000 0.000000
0.621305 0.613980
0.280777 0.921164
0.871090 0.241203
0.741754 0.449801
0.577310 0.666713
0.400388 0.839690
1.000000 0.000000
0.695975 0.515619
0.280775 0.921165
0.824138 0.320796
0.630324 0.602692
1.000000 0.000000
0.907857 0.175795
0.701070 0.508501
0.711117 0.494313
1.000000 0.000001
0.397917 0.841662
0.280777 5.435279
0.576174 0.668024
0.730353 0.466584
0.280775 4.458876
0.981371 0.036912
1.000000 0.000000
0.280813 1.631115
0.505354 0.744617
0.739604 0.452986
0.362645 0.868489
0.582545 0.660641
1.000000 0.000000
0.489253 0.760631
0.630893 0.601974
1.000000 0.000000
0.444787 0.802164
0.891218 0.205731
0.280775 3.458706
0.454235 0.793670
0.280863 1.229784
0.632362 0.600118
0.280817 2.574698
1.000000 0.000000
1.000000 0.000000
0.676840 0.541888
0.280776 0.921165
0.427497 0.817246
1.000000 0.000000
0.714920 0.488889
0.722641 0.477790
1.000000 0.000000
0.997194 0.005604
1.000000 0.000000
0.920394 0.152874
1.000000 0.000000
0.900627 0.188871
0.762060 0.419265
1.000000 0.000000
0.433073 0.812448
0.881447 0.223050
1.000000 0.000000
1.000000 0.000000
0.530199 0.718888
0.828433 0.313698
1.000000 0.000000
0.667606 0.554302
1.000000 0.000000
0.382138 0.853970
1.000000 0.000000
1.000000 0.000000
0.551807 0.695509
0.402324 0.838135
0.910431 0.171116
0.786685 0.381126
0.826278 0.317265
1.000000 0.000000
0.737583 0.455972
0.672429 0.547839
1.000000 0.000000
0.910987 0.170103
0.546203 0.701663
1.000000 0.000000
1.000000 0.000000
0.892629 0.203213
0.659708 0.564786
1.000000 0.000000
0.280781 0.921162
0.808717 0.345976
0.280775 3.706095
0.280777 1.834555
0.282236 0.920343
0.779417 0.392509
0.280775 2.383765
0.601284 0.638458
0.529021 0.720137
0.336335 0.886879
0.864924 0.251906
1.000000 0.000000
0.280777 1.834555
0.521235 0.728314
1.000000 0.000000
0.549610 0.697929
0.666611 0.555630
0.999939 0.000122
0.471452 0.777733
0.281423 0.920801
0.638791 0.591946
0.536873 0.711767
1.000000 0.000000
1.000000 0.000000
0.479155 0.770411
1.000000 0.000000
0.816933 0.332620
1.000000 0.000000
0.932050 0.131283
0.281262 0.920892
0.280776 5.249672
0.797730 0.363627
0.771643 0.404566
0.952834 0.092107
0.893714 0.201276
0.394859 0.844087
0.524502 0.724898
1.000000 0.000000
0.287047 1.142966
0.286564 0.917881
0.280776 5.704103
1.000000 0.000000
0.459296 0.789047
1.000000 0.000000
1.000000 0.000000
0.946293 0.104530
1.000000 0.000000
0.932050 0.131283
0.932050 0.131283
0.280776 5.704103
1.000000 0.000000
0.459296 0.789047
1.000000 0.000000
1.000000 0.000000
0.478816 0.770735
1.000000 0.000000
0.542174 0.706048
0.796993 0.364802
1.000000 0.000000
0.322157 0.896215
1.000000 0.000000
0.352352 0.875848
0.771193 0.405262
0.321873 0.896397
1.000000 0.000000
1.000000 0.000000
0.814254 0.336990
1.000000 0.000000
0.789669 0.376423
1.000000 0.000000
1.000000 0.000000
0.280775 0.921165
0.978572 0.042397
0.646703 0.581775
0.409072 0.832660
0.422745 0.821287
0.745066 0.444877
0.669637 0.551587
0.418452 0.824898
0.794371 0.368974
0.280775 5.403759
1.000000 0.000000
0.653888 0.572431
0.734784 0.460093
0.285868 0.918280
0.806622 0.349361
1.000000 0.000000
0.794371 0.368974
0.899528 0.190849
1.000000 0.000000
1.000000 0.000000
0.280777 1.956591
0.709222 0.497004
0.889967 0.207959
0.600567 0.639319
0.408907 0.832795
1.000000 0.000000
0.280776 0.921165
0.312437 0.902383
1.000000 0.000000
1.000000 0.000000
1.000000 0.000000
0.280784 0.921160
0.561987 0.684171
1.000000 0.000000
1.000000 0.000000
1.000000 0.000000
1.000000 0.000000
0.856767 0.265950
1.000000 0.000000
1.000000 0.000000
0.754503 0.430725
0.464574 0.784171
1.000000 0.000000
1.000000 0.000000
0.998651 0.002696
0.280779 0.921163
0.883928 0.218672
0.965317 0.068164
1.000000 0.000000
1.000000 0.000000
0.280785 6.132178
1.000000 0.000000
0.280784 0.921160
1.000000 0.000000
1.000000 0.000000
0.564987 0.680790
0.552955 0.694241
1.000000 0.000000
0.965317 0.068164
0.871910 0.239773
1.000000 0.000000
1.000000 0.000000
0.888676 0.210255
0.399307 0.840554
0.709557 0.496529
0.790820 0.374604
0.280775 0.921165
0.548331 0.699333
1.000000 0.000000
1.000000 0.000000
1.000000 0.000000
0.648507 0.579439
1.000000 0.000000
0.807185 0.348453
0.898162 0.193305
1.000000 0.000000
0.756280 0.428040
0.632652 0.599752
0.837495 0.298602
0.373113 0.860787
0.363299 0.868014
0.810400 0.343251
0.828966 0.312815
0.280775 0.921165
1.000000 0.000000
1.000000 0.000000
1.000000 0.000000
0.753829 0.431741
0.887803 0.211806
0.772334 0.403500
0.986297 0.027218
0.590994 0.650726
0.524866 0.724515
0.853016 0.272364
0.663066 0.560344
1.000000 0.000000
1.000000 0.000000
0.599070 0.641116
1.000000 0.000000
0.864514 0.252616
1.000000 0.000000
0.901737 0.186870
0.413419 0.829085
1.000000 0.000000
0.758704 0.424369
0.630739 0.602168
0.725151 0.474156
1.000000 0.000000
1.000000 0.000000
0.897960 0.193668
0.604674 0.634369
0.634482 0.597433
0.792909 0.371296
0.479347 0.770226
0.280797 1.559718
0.551222 0.696154
0.767902 0.410326
0.891036 0.206054
0.972035 0.055148
1.000000 0.000000
1.000000 0.000000
0.792909 0.371296
0.836532 0.300215
1.000000 0.000000
0.990514 0.018883
0.755148 0.429751
1.000000 0.000000
1.000000 0.000000
0.366928 0.865364
1.000000 0.000000
0.280775 4.354214
0.744606 0.445562
1.000000 0.000000
0.930898 0.133430
1.000000 0.000000
0.280775 1.579485
0.461520 0.786999
1.000000 0.000000
0.788061 0.378960
0.620699 0.614733
0.931663 0.132004
0.401563 0.838747
0.409698 0.832147
0.583808 0.659168
1.000000 0.000000
0.380358 0.855328
0.402782 0.837767
0.744022 0.446432
0.871620 0.240279
1.000000 0.000000
0.683569 0.532733
1.000000 0.000000
0.880381 0.224929
0.280776 9.015463
0.280776 7.273901
0.742945 0.448033
0.438926 0.807344
0.851986 0.274120
0.420450 0.823222
0.376159 0.858504
1.000000 0.000000
0.749321 0.438518
0.395828 0.843320
0.800887 0.358580
0.280776 9.015463
1.000000 0.000000
1.000000 0.000000
1.000000 0.000000
0.399308 0.840553
1.000000 0.000000
1.000000 0.000000
1.000000 0.000000
0.280775 4.666603
0.659502 0.565057
1.000000 0.000000
1.000000 0.000000
0.810536 0.343031
0.940498 0.115463
1.000000 0.000000
0.970282 0.058553
0.899452 0.190986
1.000000 0.000000
0.998731 0.002536
0.975787 0.047840
0.280775 5.305884
1.000000 0.000000
0.995590 0.008801
0.280776 0.921165
0.916967 0.159172
0.567967 0.677413
0.970282 0.058553
0.474312 0.775028
0.302706 0.908369
1.000000 0.000000
1.000000 0.000000
0.280775 5.305884
1.000000 0.000000
1.000000 0.000000
0.403061 0.837542
0.504990 0.744985
0.280815 0.921143
0.280777 2.110538
1.000000 0.000000
0.375190 0.859233
0.614269 0.622674
1.000000 0.000000
0.539870 0.708540
0.662841 0.560642
0.280775 3.739795
1.000000 0.000000
0.505841 0.744125
0.558284 0.688319
0.856199 0.266923
1.000000 0.000000
0.461764 0.786774
0.912884 0.166644
1.000000 0.000000
1.000000 0.000000
1.000000 0.000000
1.000000 0.000000
1.000000 0.000000
1.000000 0.000000
0.941116 0.114301
1.000000 0.000000
0.911322 0.169493
1.000000 0.000000
1.000000 0.000000
0.683836 0.532369
0.280776 0.921165
0.782306 0.387998
1.000000 0.000000
1.000000 0.000000
0.832780 0.306478
0.999777 0.000446
0.616542 0.619876
1.000000 0.000000
1.000000 0.000000
0.281157 0.920951
0.280778 0.921163
1.000000 0.000000
0.883334 0.219722
0.902177 0.186077
0.417826 0.825421
1.000000 0.000000
0.313578 0.901669
1.000000 0.000000
0.549477 0.698075
1.000000 0.000000
1.000000 0.000000
1.000000 0.000000
1.000000 0.000000
0.568539 0.676763
1.000000 0.000000
1.000000 0.000000
0.280777 0.921164
0.689410 0.524713
1.000000 0.000000
1.000000 0.000000
0.372704 0.861091
1.000000 0.000000
0.908139 0.175284
1.000000 0.000000
0.810928 0.342396
0.916374 0.160260
0.862645 0.255843
0.857152 0.265291
0.594728 0.646298
0.517244 0.732459
0.357535 0.872169
1.000000 0.000000
0.784337 0.384815
0.543035 0.705114
0.818498 0.330061
0.396092 0.843111
0.485946 0.763856
0.401629 0.838694
0.280776 0.921165
0.280776 0.921165
0.689786 0.524195
0.883648 0.219167
0.991165 0.017592
0.541166 0.707140
0.778350 0.394172
1.000000 0.000000
1.000000 0.000000
0.333827 0.888560
0.909994 0.171911
0.878288 0.228610
0.570446 0.674591
0.780605 0.390656
0.533031 0.715878
0.593052 0.648289
0.997778 0.004439
0.812298 0.340172
0.280775 3.476622
0.280775 3.541205
0.999558 0.000884
1.000000 0.000000
1.000000 0.000000
0.281076 2.242689
0.687095 0.527901
1.000000 0.000000
1.000000 0.000000
0.985985 0.027834
0.522627 0.726861
0.280775 4.367496
0.537889 0.710676
0.668702 0.552837
0.567466 0.677983
1.000000 0.000000
0.571101 0.673843
1.000000 0.000000
1.000000 0.000000
1.000000 0.000000
1.000000 0.000000
0.391183 0.846976
1.000000 0.000000
0.882737 0.220776
0.770093 0.406957
0.405502 0.835568
0.448758 0.798617
0.557986 0.688651
1.000000 0.000000
0.280776 0.921165
0.783534 0.386074
0.366765 0.865483
0.702210 0.506901
0.759579 0.423040
0.484733 0.765034
1.000000 0.000000
0.893417 0.201805
1.000000 0.000000
0.280776 5.634648
0.534004 0.714839
0.280779 5.840397
1.000000 0.000000
0.847112 0.282402
0.997963 0.004069
0.420561 0.823129
1.000000 0.000000
0.532807 0.716117
0.280776 5.634648
1.000000 0.000000
0.280776 5.634648
0.910762 0.170513
0.543032 0.705117
0.561643 0.684557
0.374247 0.859939
0.733637 0.461777
0.905618 0.179857
0.702001 0.507194
0.865483 0.250939
0.881349 0.223223
0.517682 0.732006
1.000000 0.000000
0.769407 0.408013
0.878860 0.227606
1.000000 0.000000
1.000000 0.000000
0.791577 0.373406
0.873053 0.237778
0.631607 0.601073
0.280785 0.921160
1.000000 0.000000
0.960641 0.077169
0.983660 0.032414
1.000000 0.000000
0.737245 0.456470
0.587029 0.655397
1.000000 0.000000
0.810688 0.342785
0.836421 0.300401
0.280792 2.853635
0.614824 0.621992
0.437783 0.808346
0.644865 0.584150
1.000000 0.000000
0.404008 0.836778
0.280775 6.031174
1.000000 0.000000
1.000000 0.000000
0.808460 0.346392
0.436824 0.809185
1.000000 0.000000
0.995599 0.008783
1.000000 0.000000
0.644586 0.584509
0.782621 0.387505
0.435136 0.810656
0.651978 0.574925
0.586388 0.656149
1.000000 0.000000
1.000000 0.000000
0.280776 3.227733
1.000000 0.000000
0.562248 0.683877
0.286609 0.917855
0.280776 0.921165
0.436755 0.809245
0.614109 0.622870
1.000000 0.000000
0.902695 0.185141
1.000000 0.000000
0.315498 0.900461
1.000000 0.000000
0.552909 0.694291
0.866812 0.248637
0.599979 0.640025
0.688263 0.526293
1.000000 0.000000
1.000000 0.000000
0.443642 0.803182
0.699025 0.511364
0.900371 0.189332
1.000000 0.000000
0.822315 0.323798
0.942554 0.111592
0.525186 0.724180
0.613942 0.623076
1.000000 0.000000
0.516342 0.733391
1.000000 0.000000
0.457343 0.790837
0.844850 0.286228
1.000000 0.000000
0.636637 0.594693
1.000000 0.000000
0.280778 0.921163
1.000000 0.000000
0.280796 0.921154
0.920079 0.153454
0.457343 0.790837
0.395132 0.843871
0.487136 0.762698
1.000000 0.000000
1.000000 0.000000
0.988593 0.022684
0.449832 0.797651
0.424114 0.820127
0.902166 0.186096
1.000000 0.000000
0.765199 0.414470
1.000000 0.000000
1.000000 0.000000
1.000000 0.000000
0.925833 0.142833
1.000000 0.000000
0.777605 0.395331
0.669999 0.551101
0.289456 0.916215
1.000000 0.000000
1.000000 0.000000
1.000000 0.000000
1.000000 0.000000
0.520937 0.728625
1.000000 0.000000
1.000000 0.000000
1.000000 0.000000
1.000000 0.000000
0.831480 0.308640
0.280779 0.921163
1.000000 0.000000
1.000000 0.000000
1.000000 0.000000
0.280823 0.921138
0.680254 0.537255
0.617941 0.618149
1.000000 0.000000
0.612888 0.624369
0.644818 0.584210
0.753286 0.432561
0.280776 1.873018
1.000000 0.000000
0.649309 0.578398
0.680254 0.537255
1.000000 0.000000
0.808465 0.346384
0.280776 2.995873
0.488818 0.761057
1.000000 0.000000
1.000000 0.000000
0.881086 0.223688
0.751383 0.435424
1.000000 0.000000
0.280776 4.155237
1.000000 0.000000
0.720009 0.481587
0.713539 0.490862
0.926173 0.142204
0.373361 0.860602
0.517585 0.732105
0.816854 0.332750
1.000000 0.000000
0.603407 0.635900
0.280779 0.921163
0.280780 1.894622
0.618098 0.617955
0.797930 0.363308
1.000000 0.000000
1.000000 0.000000
0.437695 0.808423
0.495679 0.754302
0.550320 0.697148
0.807910 0.347281
0.561913 0.684254
0.818199 0.330550
0.784618 0.384374
1.000000 0.000000
0.664023 0.559074
0.618967 0.616880
1.000000 0.000000
0.280776 3.811624
1.000000 0.000000
0.575232 0.669108
0.902562 0.185381
0.451632 0.796028
1.000000 0.000000
0.715953 0.487411
0.765282 0.414343
0.456366 0.791730
0.304081 0.907534
0.704220 0.504074
1.000000 0.000000
0.510434 0.739458
0.895002 0.198972
0.280775 0.921165
1.000000 0.000000
0.902668 0.185191
0.637513 0.593577
0.420571 0.823120
1.000000 0.000000
0.633325 0.598900
0.585178 0.657567
0.620942 0.614431
0.688519 0.525942
0.920371 0.152917
0.461217 0.787279
0.448170 0.799144
1.000000 0.000000
0.866610 0.248987
1.000000 0.000000
1.000000 0.000000
0.280775 4.061347
0.688807 0.525545
1.000000 0.000000
0.691419 0.521939
0.658357 0.566566
0.889620 0.208576
0.724543 0.475038
1.000000 0.000000
0.514155 0.735645
1.000000 0.000000
1.000000 0.000000
0.636207 0.595240
0.377549 0.857456
0.770227 0.406751
1.000000 0.000000
1.000000 0.000000
0.300830 0.909501
0.645299 0.583590
0.873543 0.236923
0.750369 0.436947
0.280782 0.921161
0.770634 0.406124
1.000000 0.000000
0.735163 0.459536
1.000000 0.000000
0.909434 0.172930
0.526700 0.722587
1.000000 0.000000
0.973296 0.052694
1.000000 0.000000
1.000000 0.000000
1.000000 0.000000
0.529079 0.720075
1.000000 0.000000
1.000000 0.000000
0.280775 2.326467
1.000000 0.000000
0.554800 0.692197
0.289498 0.916191
1.000000 0.000000
0.280777 2.662117
0.595734 0.645101
0.857749 0.264266
0.647137 0.581213
1.000000 0.000000
0.614719 0.622121
0.593191 0.648124
1.000000 0.000000
1.000000 0.000000
0.280781 0.921162
0.691672 0.521590
1.000000 0.000000
0.916371 0.160265
0.446867 0.800310
0.797728 0.363630
0.725532 0.473603
1.000000 0.000000
1.000000 0.000000
1.000000 0.000000
0.523838 0.725594
0.720597 0.480741
1.000000 0.000000
0.526918 0.722358
1.000000 0.000000
0.716333 0.486867
0.749778 0.437833
1.000000 0.000000
0.502645 0.747348
1.000000 0.000000
0.280775 3.374875
0.679902 0.537733
1.000000 0.000000
0.484571 0.765191
1.000000 0.000000
0.915577 0.161718
0.908074 0.175402
0.570910 0.674062
0.584867 0.657931
1.000000 0.000000
0.280775 5.061059
0.488821 0.761054
0.703085 0.505671
0.280810 1.150464
0.669364 0.551952
0.514407 0.735385
0.791521 0.373495
0.692212 0.520843
1.000000 0.000000
1.000000 0.000000
0.653821 0.572518
0.518988 0.730652
0.430494 0.814675
1.000000 0.000000
0.544066 0.703992
0.825646 0.318308
0.648309 0.579695
0.873263 0.237412
1.000000 0.000000
0.701681 0.507643
0.280794 3.895116
1.000000 0.000000
0.280778 0.921163
1.000000 0.000000
1.000000 0.000000
0.806564 0.349455
0.557730 0.688938
0.879512 0.226458
0.894376 0.200092
0.765313 0.414297
0.663013 0.560414
0.669944 0.551175
0.362127 0.868864
0.999538 0.000924
0.537106 0.711517
0.280888 0.921102
0.426964 0.817702
0.329331 0.891541
0.650312 0.577094
0.842364 0.290424
0.800117 0.359813
0.477528 0.771967
0.794292 0.369101
0.676883 0.541829
0.280775 6.218515
0.409140 0.832605
0.914944 0.162877
0.999999 0.000002
0.722284 0.478306
0.506187 0.743775
0.473658 0.775648
0.794292 0.369101
0.745905 0.443626
0.467199 0.781725
1.000000 0.000000
0.783299 0.386443
0.718698 0.483473
0.509110 0.740807
0.825156 0.319117
0.280834 2.617330
1.000000 0.000000
0.778803 0.393467
0.280775 6.923667
1.000000 0.000000
0.280775 6.923667
1.000000 0.000000
1.000000 0.000000
0.612098 0.625335
1.000000 0.000000
0.280777 1.645109
0.775614 0.398424
0.486099 0.763707
0.999995 0.000009
0.280775 6.923667
1.000000 0.000000
1.000000 0.000000
1.000000 0.000000
0.760798 0.421186
1.000000 0.000000
0.371666 0.861864
1.000000 0.000000
1.000000 0.000000
0.280776 6.016169
0.280776 5.281857
0.411734 0.830475
0.881510 0.222940
1.000000 0.000000
1.000000 0.000000
0.836859 0.299667
1.000000 0.000000
1.000000 0.000000
0.779228 0.392803
1.000000 0.000000
1.000000 0.000000
1.000000 0.000000
0.280776 1.832134
0.615402 0.621281
0.280780 0.921163
0.901763 0.186823
1.000000 0.000000
0.282161 0.920385
1.000000 0.000000
1.000000 0.000000
1.000000 0.000000
1.000000 0.000000
1.000000 0.000000
0.911838 0.168552
0.649755 0.577819
0.902727 0.185084
0.696133 0.515398
1.000000 0.000000
1.000000 0.000000
0.280777 0.921164
1.000000 0.000000
1.000000 0.000000
0.639035 0.591635
1.000000 0.000000
0.781723 0.388909
0.490419 0.759490
0.869671 0.243672
0.898960 0.191870
1.000000 0.000000
1.000000 0.000000
0.999943 0.000114
1.000000 0.000000
0.280776 0.921165
0.280776 4.528299
0.280807 0.921147
0.751942 0.434583
0.932627 0.130207
0.401632 0.838692
1.000000 0.000000
0.560800 0.685504
0.280777 0.921164
0.280775 3.170661
0.319031 0.898219
0.606670 0.631952
0.449714 0.797757
0.458403 0.789867
0.369124 0.863748
0.643267 0.586207
0.820761 0.326351
1.000000 0.000000
1.000000 0.000000
0.811342 0.341724
0.280776 0.921165
1.000000 0.000000
0.280775 1.757222
0.584789 0.658022
1.000000 0.000000
1.000000 0.000000
1.000000 0.000000
0.740285 0.451978
1.000000 0.000000
1.000000 0.000000
0.672749 0.547408
0.280785 5.880970
0.280804 1.657508
0.631614 0.601063
1.000000 0.000000
0.999271 0.001458
0.920597 0.152502
0.280780 0.921162
1.000000 0.000000
1.000000 0.000000
1.000000 0.000000
0.280775 4.663331
0.922227 0.149497
1.000000 0.000000
0.921631 0.150596
1.000000 0.000000
1.000000 0.000000
0.633941 0.598119
1.000000 0.000000
0.835604 0.301766
0.535089 0.713680
1.000000 0.000000
0.746299 0.443037
0.674531 0.545007
1.000000 0.000000
1.000000 0.000000
1.000000 0.000000
0.280780 4.728945
1.000000 0.000000
0.801899 0.356958
1.000000 0.000000
0.495304 0.754674
0.960859 0.076750
0.917035 0.159047
0.637846 0.593152
0.613885 0.623145
0.645408 0.583448
1.000000 0.000000
0.670909 0.549882
1.000000 0.000000
0.511857 0.738003
0.884427 0.217789
0.534644 0.714156
0.988218 0.023425
1.000000 0.000000
1.000000 0.000000
0.280775 7.300108
0.646797 0.581653
1.000000 0.000000
1.000000 0.000000
1.000000 0.000000
1.000000 0.000000
0.282252 0.920334
0.801544 0.357527
1.000000 0.000000
0.280775 7.300108
1.000000 0.000000
0.280775 7.300108
1.000000 0.000000
0.834207 0.304098
1.000000 0.000000
0.925492 0.143465
1.000000 0.000000
1.000000 0.000000
1.000000 0.000000
0.281372 0.920830
0.280775 7.300108
1.000000 0.000000
1.000000 0.000000
0.703860 0.504582
1.000000 0.000000
0.750219 0.437172
0.505231 0.744742
0.631907 0.600694
0.759038 0.423861
1.000000 0.000000
1.000000 0.000000
0.630738 0.602169
0.445866 0.801203
1.000000 0.000000
0.280778 3.763685
0.505231 0.744742
0.280775 0.921165
0.469633 0.779445
1.000000 0.000000
0.897072 0.195262
0.697467 0.513539
0.693183 0.519497
0.762673 0.418330
1.000000 0.000000
0.441323 0.805234
0.911853 0.168523
0.841785 0.291398
0.431164 0.814097
0.662768 0.560738
1.000000 0.000000
0.907390 0.176644
1.000000 0.000000
0.280779 2.110378
1.000000 0.000000
1.000000 0.000000
0.887036 0.213168
1.000000 0.000000
0.882265 0.221608
0.762518 0.418566
0.280790 3.077048
1.000000 0.000000
0.508488 0.741440
1.000000 0.000000
0.501510 0.748488
0.986532 0.026755
1.000000 0.000000
1.000000 0.000000
1.000000 0.000000
0.488841 0.761035
1.000000 0.000000
0.280775 7.345474
1.000000 0.000000
0.763409 0.417206
1.000000 0.000000
1.000000 0.000000
0.597232 0.643314
0.553255 0.693909
0.280778 7.430146
1.000000 0.000000
1.000000 0.000000
0.280790 2.468650
1.000000 0.000000
0.667100 0.554978
0.510125 0.739772
0.280775 0.921165
0.387958 0.849488
1.000000 0.000000
0.280775 3.245777
0.669005 0.552432
0.280780 2.732044
1.000000 0.000000
0.838772 0.296461
0.830647 0.310025
0.838772 0.296461
0.280776 0.921165
0.544494 0.703526
0.886983 0.213261
0.557213 0.689514
1.000000 0.000000
1.000000 0.000000
0.938714 0.118816
0.416146 0.826822
1.000000 0.000000
1.000000 0.000000
0.594614 0.646435
0.552645 0.694583
0.280775 7.798811
0.640780 0.589401
1.000000 0.000000
0.280779 3.915050
0.618651 0.617271
0.425664 0.818810
1.000000 0.000000
0.375206 0.859221
1.000000 0.000000
0.670951 0.549824
0.639161 0.591473
0.280775 7.798811
1.000000 0.000000
0.280775 4.903712
0.280775 6.393546
0.730433 0.466468
0.635069 0.596687
1.000000 0.000000
0.940361 0.115721
0.431503 0.813805
1.000000 0.000000
1.000000 0.000000
0.530491 0.718579
0.363987 0.867514
0.576984 0.667089
0.793573 0.370241
1.000000 0.000000
1.000000 0.000000
1.000000 0.000000
1.000000 0.000000
0.280795 5.478309
0.801484 0.357623
0.503783 0.746203
0.692807 0.520019
1.000000 0.000000
1.000000 0.000000
0.315213 0.900641
1.000000 0.000000
0.795079 0.367849
0.815548 0.334882
0.950022 0.097457
0.936776 0.122450
0.462191 0.786380
0.280775 5.324306
0.548844 0.698770
0.663706 0.559494
0.721378 0.479614
0.454894 0.793072
1.000000 0.000000
0.945432 0.106159
0.536204 0.712485
1.000000 0.000000
0.405734 0.835380
1.000000 0.000000
1.000000 0.000000
0.434882 0.810878
0.283569 0.919588
0.682364 0.534380
0.393915 0.844831
1.000000 0.000000
0.458139 0.790109
0.633872 0.598206
1.000000 0.000000
0.280775 5.324306
0.532797 0.716127
1.000000 0.000000
1.000000 0.000000
0.413694 0.828857
0.280775 6.658770
0.280776 0.921165
0.280780 0.921163
1.000000 0.000000
0.570515 0.674513
0.775584 0.398470
0.567853 0.677544
0.280776 0.921165
0.344968 0.880997
0.666733 0.555467
0.280776 0.921165
0.706503 0.500853
0.714363 0.489686
0.818104 0.330706
0.280776 3.235203
0.997769 0.004457
1.000000 0.000000
0.688883 0.525441
1.000000 0.000000
0.918651 0.156081
0.759156 0.423682
0.463366 0.785292
0.818104 0.330706
0.689252 0.524932
0.532923 0.715993
0.503519 0.746469
1.000000 0.000000
0.974050 0.051227
0.375204 0.859222
0.403613 0.837097
0.300521 0.909687
0.900483 0.189131
1.000000 0.000000
1.000000 0.000000
1.000000 0.000000
0.280778 6.119202
0.813954 0.337478
1.000000 0.000000
0.280776 0.921165
0.399096 0.840723
0.899159 0.191513
1.000000 0.000000
0.814848 0.336023
1.000000 0.000000
0.995859 0.008265
1.000000 0.000000
0.626490 0.607510
0.856118 0.267062
0.595012 0.645961
0.847830 0.281184
0.637640 0.593415
1.000000 0.000000
1.000000 0.000000
0.844029 0.287616
1.000000 0.000000
0.488076 0.761782
0.972626 0.053999
0.684669 0.531228
1.000000 0.000000
1.000000 0.000000
1.000000 0.000000
0.866803 0.248652
0.816083 0.334009
1.000000 0.000000
1.000000 0.000000
1.000000 0.000000
0.737486 0.456114
0.280775 6.230184
0.766121 0.413059
0.692039 0.521082
0.723934 0.475920
1.000000 0.000000
1.000000 0.000000
0.390672 0.847375
0.773010 0.402455
0.694054 0.518290
0.710311 0.495458
0.376232 0.858449
0.786271 0.381778
0.891138 0.205873
0.433258 0.812288
1.000000 0.000000
0.674966 0.544421
1.000000 0.000000
0.518887 0.730756
0.755364 0.429426
0.794888 0.368153
0.506166 0.743796
1.000000 0.000000
1.000000 0.000000
0.445929 0.801147
0.810375 0.343292
0.428289 0.816568
0.639959 0.590452
0.280776 4.752266
1.000000 0.000000
0.419795 0.823772
0.579137 0.664601
0.718576 0.483648
0.920700 0.152312
1.000000 0.000000
1.000000 0.000000
0.738762 0.454231
0.843252 0.288926
0.649086 0.578688
0.773429 0.401807
1.000000 0.000000
0.682957 0.533570
0.830852 0.309685
0.853860 0.270923
0.809318 0.345005
1.000000 0.000000
1.000000 0.000000
1.000000 0.000000
0.411184 0.830928
0.895277 0.198480
0.819440 0.328517
1.000000 0.000000
0.532280 0.716678
0.611337 0.626267
0.723771 0.476156
0.280775 5.900599
1.000000 0.000000
1.000000 0.000000
0.531366 0.717650
0.370994 0.862363
0.630850 0.602028
0.916375 0.160256
0.487621 0.762225
0.791612 0.373350
0.436610 0.809371
0.280775 5.889031
1.000000 0.000000
1.000000 0.000000
1.000000 0.000000
0.749563 0.438155
0.866026 0.249999
0.280815 0.921143
1.000000 0.000000
0.779813 0.391891
0.828218 0.314054
1.000000 0.000000
1.000000 0.000000
0.631557 0.601136
1.000000 0.000000
1.000000 0.000000
0.409960 0.831933
1.000000 0.000000
0.974004 0.051316
1.000000 0.000000
0.582491 0.660704
0.406915 0.834420
1.000000 0.000000
1.000000 0.000000
0.619409 0.616333
0.280776 0.921165
0.598516 0.641779
1.000000 0.000000
0.280776 0.921165
1.000000 0.000000
0.696824 0.514436
0.607216 0.631289
0.681414 0.535674
1.000000 0.000000
0.730314 0.466642
1.000000 0.000000
0.706256 0.501202
0.919343 0.154808
0.683390 0.532979
0.280776 0.921165
0.902698 0.185136
1.000000 0.000000
1.000000 0.000000
0.851592 0.274790
0.589296 0.652730
1.000000 0.000000
0.661153 0.562877
0.280775 5.115316
0.280777 6.863870
0.280775 5.115316
0.511364 0.738507
1.000000 0.000000
1.000000 0.000000
0.280795 0.921154
1.000000 0.000000
0.866520 0.249142
0.937568 0.120965
0.521958 0.727560
0.583028 0.660079
1.000000 0.000000
0.948027 0.101244
0.809344 0.344962
0.821787 0.324666
1.000000 0.000000
0.434457 0.811248
0.791581 0.373399
1.000000 0.000000
1.000000 0.000000
1.000000 0.000000
0.280775 5.321638
1.000000 0.000000
1.000000 0.000000
1.000000 0.000000
0.601933 0.637677
0.631655 0.601012
0.998043 0.003910
0.535252 0.713505
0.702001 0.507194
1.000000 0.000000
1.000000 0.000000
0.917683 0.157857
1.000000 0.000000
0.693481 0.519085
0.631655 0.601012
1.000000 0.000000
0.750915 0.436127
0.863377 0.254581
1.000000 0.000000
0.674844 0.544585
1.000000 0.000000
1.000000 0.000000
0.719284 0.482631
1.000000 0.000000
1.000000 0.000000
0.360218 0.870243
0.452711 0.795053
0.479780 0.769812
0.511260 0.738613
1.000000 0.000000
0.280786 3.954190
0.898036 0.193532
0.280783 0.921161
0.895585 0.197927
1.000000 0.000000
0.845057 0.285879
0.917240 0.158671
0.280775 4.396988
1.000000 0.000000
0.897473 0.194543
0.636903 0.594354
0.661043 0.563022
0.687092 0.527905
1.000000 0.000000
0.280806 0.921148
0.999254 0.001491
0.829644 0.311691
1.000000 0.000000
0.766341 0.412721
1.000000 0.000000
1.000000 0.000000
0.538207 0.710334
0.749016 0.438975
0.280790 0.921157
0.446662 0.800493
0.894906 0.199144
0.582808 0.660335
1.000000 0.000000
1.000000 0.000000
0.504017 0.745967
0.365889 0.866125
1.000000 0.000000
1.000000 0.000000
0.280776 1.913844
0.729166 0.468317
0.589563 0.652416
1.000000 0.000000
0.421147 0.822635
1.000000 0.000000
0.955152 0.087686
1.000000 0.000000
0.393222 0.845376
1.000000 0.000000
0.897603 0.194309
0.873987 0.236147
0.638349 0.592511
0.883925 0.218676
0.280781 4.665683
0.280776 0.921165
1.000000 0.000000
0.280775 4.572898
0.280776 5.390894
1.000000 0.000000
1.000000 0.000000
0.280777 0.921164
1.000000 0.000000
0.419555 0.823974
1.000000 0.000000
1.000000 0.000000
0.280778 5.351860
1.000000 0.000000
0.568982 0.676260
1.000000 0.000000
0.812112 0.340473
0.445481 0.801546
0.451212 0.796408
1.000000 0.000000
0.991281 0.017362
0.838190 0.297437
0.571191 0.673741
0.821431 0.325251
1.000000 0.000000
0.719592 0.482188
1.000000 0.000000
0.501061 0.748938
0.737588 0.455964
1.000000 0.000000
0.280775 2.585064
1.000000 0.000000
0.404752 0.836176
0.280787 4.319722
0.420345 0.823310
0.751914 0.434625
0.684056 0.532067
0.813804 0.337723
0.812356 0.340078
0.897491 0.194511
0.904197 0.182428
0.719010 0.483024
1.000000 0.000000
0.280782 3.643756
0.280958 0.921063
1.000000 0.000000
1.000000 0.000000
0.541727 0.706531
0.360862 0.869778
0.999922 0.000155
0.555714 0.691182
0.962354 0.073874
1.000000 0.000000
0.363977 0.867521
0.903114 0.184384
0.914645 0.163425
0.664012 0.559088
1.000000 0.000000
0.682601 0.534055
1.000000 0.000000
0.691995 0.521143
0.742537 0.448639
0.629934 0.603184
0.508942 0.740978
0.874161 0.235842
0.340714 0.883914
0.525345 0.724012
0.280779 7.088421
0.660559 0.563662
1.000000 0.000000
1.000000 0.000000
0.516464 0.733265
0.280777 3.523138
1.000000 0.000000
0.789670 0.376421
0.281588 0.920708
0.280785 6.434794
0.489693 0.760200
0.584573 0.658274
1.000000 0.000000
1.000000 0.000000
0.768084 0.410046
0.280775 2.711544
1.000000 0.000000
0.999898 0.000204
1.000000 0.000000
0.280855 0.921121
0.459678 0.788696
1.000000 0.000000
0.585149 0.657600
0.559977 0.686426
0.359657 0.870647
0.518386 0.731276
0.686274 0.529028
1.000000 0.000000
1.000000 0.000000
0.280776 7.142359
0.381581 0.854396
0.636992 0.594241
0.640628 0.589596
0.823306 0.322168
1.000000 0.000000
0.280776 2.684610
0.686764 0.528355
0.633608 0.598541
1.000000 0.000000
0.631956 0.600631
0.650670 0.576628
0.922794 0.148451
0.625904 0.608244
0.856827 0.265847
0.815471 0.335008
0.999949 0.000101
1.000000 0.000000
1.000000 0.000000
1.000000 0.000000
0.401154 0.839075
0.719608 0.482164
1.000000 0.000000
0.906486 0.178283
1.000000 0.000000
0.864581 0.252500
0.749821 0.437769
0.766134 0.413038
0.442596 0.804109
1.000000 0.000000
0.677259 0.541320
0.904785 0.181365
1.000000 0.000000
1.000000 0.000000
0.644675 0.584395
0.683216 0.533216
1.000000 0.000000
1.000000 0.000000
0.765110 0.414607
1.000000 0.000000
0.909128 0.173486
0.607531 0.630906
0.568338 0.676991
0.644675 0.584395
1.000000 0.000000
1.000000 0.000000
1.000000 0.000000
1.000000 0.000000
0.536287 0.712396
0.344790 0.881120
0.453412 0.794418
0.864412 0.252792
1.000000 0.000000
0.943871 0.109108
0.280775 0.921165
1.000000 0.000000
1.000000 0.000000
1.000000 0.000000
0.655461 0.570371
0.799492 0.360812
1.000000 0.000000
0.545013 0.702961
0.773235 0.402108
0.708984 0.497341
0.280777 0.921164
0.686911 0.528154
1.000000 0.000000
0.888424 0.210703
1.000000 0.000000
1.000000 0.000000
0.423892 0.820316
0.579183 0.664546
0.938886 0.118493
0.348480 0.878562
0.681760 0.535203
1.000000 0.000000
1.000000 0.000000
0.628547 0.604928
0.755695 0.428925
0.853435 0.271649
1.000000 0.000000
1.000000 0.000000
0.280776 1.632756
0.425550 0.818907
0.280776 4.899197
1.000000 0.000000
0.479574 0.770009
0.972606 0.054037
0.447083 0.800117
0.393165 0.845421
0.734061 0.461154
0.620447 0.615045
0.700597 0.509163
1.000000 0.000000
1.000000 0.000000
0.280798 4.267462
0.280910 0.921089
0.527845 0.721379
0.750167 0.437249
0.865622 0.250698
1.000000 0.000000
1.000000 0.000000
1.000000 0.000000
1.000000 0.000000
0.539136 0.709333
1.000000 0.000000
0.887158 0.212952
0.742257 0.449055
0.280776 3.608063
1.000000 0.000000
0.992870 0.014210
0.899778 0.190400
1.000000 0.000000
0.719468 0.482366
0.280776 0.921165
1.000000 0.000000
0.552555 0.694683
0.799445 0.360887
0.873498 0.237002
0.890623 0.206791
0.752345 0.433977
0.280775 0.921165
1.000000 0.000000
0.280778 1.455582
1.000000 0.000000
0.756541 0.427646
0.839612 0.295051
0.280775 6.255756
1.000000 0.000000
0.899098 0.191623
0.737608 0.455935
0.676864 0.541855
0.993716 0.012530
0.615899 0.620669
0.484057 0.765689
0.500310 0.749689
0.987582 0.024682
0.603922 0.635278
1.000000 0.000000
0.363448 0.867906
1.000000 0.000000
0.409377 0.832411
0.660840 0.563290
0.484057 0.765689
1.000000 0.000000
0.484057 0.765689
1.000000 0.000000
0.906454 0.178342
0.401945 0.838440
0.428814 0.816118
1.000000 0.000000
1.000000 0.000000
0.280775 0.921165
0.606813 0.631778
1.000000 0.000000
0.554737 0.692267
0.535593 0.713141
0.631227 0.601552
1.000000 0.000000
0.916207 0.160564
1.000000 0.000000
1.000000 0.000000
0.280779 3.604025
0.855829 0.267556
0.280776 0.921165
1.000000 0.000000
1.000000 0.000000
1.000000 0.000000
0.537194 0.711423
1.000000 0.000000
0.332655 0.889341
0.545033 0.702939
1.000000 0.000000
1.000000 0.000000
1.000000 0.000000
0.927414 0.139904
1.000000 0.000000
1.000000 0.000000
1.000000 0.000000
0.280776 0.921165
1.000000 0.000000
0.280776 0.921165
1.000000 0.000000
0.885478 0.215929
0.833026 0.306068
0.891930 0.204460
0.280780 0.921163
1.000000 0.000000
0.538566 0.709947
0.280775 6.698380
0.586780 0.655690
0.642387 0.587339
0.882474 0.221239
1.000000 0.000000
1.000000 0.000000
0.819287 0.328769
0.882986 0.220336
1.000000 0.000000
0.360465 0.870065
1.000000 0.000000
0.280776 0.921165
1.000000 0.000000
0.454064 0.793826
0.280775 0.921165
0.930241 0.134651
0.995793 0.008397
0.683302 0.533098
1.000000 0.000000
0.280782 0.921161
0.568523 0.676782
1.000000 0.000000
0.598853 0.641375
0.280775 0.921165
0.424503 0.819797
0.363098 0.868160
0.981267 0.037115
0.280777 0.921164
0.435887 0.810003
1.000000 0.000000
1.000000 0.000000
0.436168 0.809757
0.580872 0.662588
0.905584 0.179918
1.000000 0.000000
0.280776 5.563289
1.000000 0.000000
0.653472 0.572974
1.000000 0.000000
0.900247 0.189555
0.828151 0.314166
1.000000 0.000000
0.819594 0.328266
0.511247 0.738626
1.000000 0.000000
1.000000 0.000000
1.000000 0.000000
1.000000 0.000000
0.660599 0.563609
0.280777 3.610785
0.604400 0.634701
0.280775 7.770856
0.758758 0.424287
1.000000 0.000000
0.538607 0.709903
0.348894 0.878273
1.000000 0.000000
0.971097 0.056971
0.703047 0.505725
0.976359 0.046724
0.472247 0.776983
0.382018 0.854062
0.280775 7.770856
1.000000 0.000000
0.545482 0.702449
1.000000 0.000000
0.478564 0.770977
1.000000 0.000000
0.361454 0.869351
0.280777 3.610785
0.896360 0.196540
0.706825 0.500398
0.722206 0.478419
1.000000 0.000000
1.000000 0.000000
0.706293 0.501151
1.000000 0.000000
0.482641 0.767058
0.708679 0.497774
0.289775 0.916031
0.342134 0.882944
1.000000 0.000000
1.000000 0.000000
1.000000 0.000000
0.294707 0.913148
1.000000 0.000000
0.280842 0.921128
0.751584 0.435122
0.411530 0.830643
0.280776 0.921165
1.000000 0.000000
1.000000 0.000000
0.999923 0.000154
0.868799 0.245188
0.928882 0.137178
1.000000 0.000000
0.741733 0.449832
0.909404 0.172985
0.895990 0.197202
1.000000 0.000000
1.000000 0.000000
0.653306 0.573191
0.505187 0.744786
0.599591 0.640491
0.653068 0.573502
0.904114 0.182579
0.557181 0.689550
0.300446 0.909732
1.000000 0.000000
1.000000 0.000000
1.000000 0.000000
1.000000 0.000000
1.000000 0.000000
0.280777 0.921164
0.916662 0.159731
0.890211 0.207525
0.280776 3.364554
0.560522 0.685815
0.416700 0.826361
0.598154 0.642212
1.000000 0.000000
0.873212 0.237500
1.000000 0.000000
0.460383 0.788048
0.619510 0.616207
0.512084 0.737770
0.540645 0.707703
0.438521 0.807700
0.437839 0.808297
0.330254 0.890932
0.504785 0.745192
1.000000 0.000000
0.280776 0.921165
0.838732 0.296528
0.653991 0.572295
1.000000 0.000000
0.743164 0.447708
0.999987 0.000026
0.915096 0.162599
0.894370 0.200102
0.430185 0.814941
0.280776 5.130341
0.716781 0.486225
1.000000 0.000000
1.000000 0.000000
1.000000 0.000000
1.000000 0.000000
0.519691 0.729921
0.633048 0.599250
0.280775 1.838126
1.000000 0.000000
0.507386 0.742559
0.891866 0.204575
1.000000 0.000000
0.828143 0.314180
1.000000 0.000000
1.000000 0.000000
0.861840 0.257232
0.892686 0.203112
1.000000 0.000000
1.000000 0.000000
0.280775 6.216811
0.839069 0.295963
0.868860 0.245082
0.280776 3.798494
1.000000 0.000000
0.280776 3.032385
0.280775 2.813765
0.280776 2.352622
0.530536 0.718531
0.905513 0.180047
1.000000 0.000000
0.280775 6.216811
0.843259 0.288914
0.903252 0.184136
1.000000 0.000000
0.855147 0.268724
0.545879 0.702016
0.595134 0.645815
1.000000 0.000000
0.859135 0.261887
0.903884 0.182993
1.000000 0.000000
0.563526 0.682439
0.450631 0.796932
0.280794 4.653977
0.891800 0.204694
1.000000 0.000000
1.000000 0.000000
0.492458 0.757486
0.701636 0.507707
1.000000 0.000000
0.596768 0.643868
1.000000 0.000000
1.000000 0.000000
0.999894 0.000211
1.000000 0.000000
1.000000 0.000000
0.850851 0.276052
0.435359 0.810462
0.916272 0.160446
1.000000 0.000000
0.447725 0.799543
1.000000 0.000000
0.769724 0.407525
1.000000 0.000000
0.451902 0.795784
1.000000 0.000000
1.000000 0.000000
0.785085 0.383641
0.549861 0.697653
0.397248 0.842194
1.000000 0.000000
1.000000 0.000000
1.000000 0.000000
0.569559 0.675602
0.548338 0.699325
0.298548 0.910869
1.000000 0.000000
0.280776 1.874662
0.465008 0.783768
1.000000 0.000000
0.695185 0.516718
0.707583 0.499326
0.467627 0.781325
1.000000 0.000000
1.000000 0.000000
0.463270 0.785381
1.000000 0.000000
0.280777 3.048708
0.772936 0.402570
0.999891 0.000219
0.280925 0.921081
0.280783 1.874809
0.392421 0.846006
0.565375 0.680351
0.675945 0.543099
1.000000 0.000000
0.445783 0.801278
0.280781 0.921162
1.000000 0.000000
1.000000 0.000000
1.000000 0.000000
0.580154 0.663422
1.000000 0.000000
0.280777 0.921164
0.810620 0.342896
0.632831 0.599524
0.856267 0.266806
0.850680 0.276343
1.000000 0.000000
1.000000 0.000000
1.000000 0.000000
0.940132 0.116152
1.000000 0.000000
1.000000 0.000000
1.000000 0.000000
0.460628 0.787822
1.000000 0.000000
0.280776 0.921165
1.000000 0.000000
0.892430 0.203568
0.560357 0.686000
1.000000 0.000000
0.524022 0.725401
0.991940 0.016056
1.000000 0.000000
0.939401 0.117526
0.386846 0.850350
1.000000 0.000000
1.000000 0.000000
0.855182 0.268664
0.700520 0.509272
0.623188 0.611637
0.280776 0.921165
0.921205 0.151381
1.000000 0.000000
1.000000 0.000000
1.000000 0.000000
1.000000 0.000000
0.712356 0.492548
0.668348 0.553311
1.000000 0.000000
0.729054 0.468481
0.805316 0.351466
0.389324 0.848427
0.768507 0.409398
1.000000 0.000000
0.444802 0.802151
1.000000 0.000000
0.746514 0.442717
0.280793 0.921155
0.993838 0.012287
0.553550 0.693583
1.000000 0.000000
0.917453 0.158281
0.765458 0.414074
0.621092 0.614244
0.280776 7.582175
0.465682 0.783140
1.000000 0.000000
1.000000 0.000000
0.681245 0.535906
0.687160 0.527811
0.376511 0.858240
0.537548 0.711042
0.869330 0.244265
1.000000 0.000000
0.832907 0.306266
1.000000 0.000000
1.000000 0.000000
0.648455 0.579506
0.687160 0.527811
1.000000 0.000000
0.831708 0.308262
1.000000 0.000000
0.280777 0.921164
0.480366 0.769249
1.000000 0.000000
0.404591 0.836306
1.000000 0.000000
0.930268 0.134602
0.538964 0.709518
1.000000 0.000000
0.280780 5.509671
1.000000 0.000000
0.280779 2.744243
1.000000 0.000000
0.660855 0.563271
1.000000 0.000000
0.572881 0.671807
1.000000 0.000000
0.700478 0.509331
0.833374 0.305488
0.407365 0.834054
0.280780 0.921163
0.634354 0.597595
0.403275 0.837369
0.280776 5.952756
0.457714 0.790498
0.703665 0.504855
0.697263 0.513824
0.775310 0.398894
0.280775 0.921165
0.280776 3.753660
0.429721 0.815340
0.711606 0.493617
1.000000 0.000000
1.000000 0.000000
1.000000 0.000000
1.000000 0.000000
1.000000 0.000000
0.858788 0.262483
1.000000 0.000000
0.501298 0.748700
1.000000 0.000000
1.000000 0.000000
0.315724 0.900319
1.000000 0.000000
1.000000 0.000000
0.280776 3.677443
0.525966 0.723360
0.631646 0.601023
0.858788 0.262483
1.000000 0.000000
0.280776 0.921165
0.544182 0.703866
0.280776 5.132387
0.718375 0.483938
0.844496 0.286826
1.000000 0.000000
1.000000 0.000000
0.501367 0.748631
1.000000 0.000000
1.000000 0.000000
0.783636 0.385914
1.000000 0.000000
1.000000 0.000000
0.460687 0.787768
0.516670 0.733052
0.527956 0.721262
0.280775 5.222426
0.633621 0.598524
0.860381 0.259745
0.965215 0.068361
0.766004 0.413238
0.994049 0.011866
0.938309 0.119576
0.280803 0.921150
0.675713 0.543413
0.702643 0.506293
1.000000 0.000000
0.709435 0.496703
0.280936 0.921075
0.642039 0.587786
0.280777 3.917791
0.681098 0.536106
0.280776 0.921165
0.918673 0.156039
0.801313 0.357897
0.548969 0.698633
1.000000 0.000000
0.673278 0.546697
0.851767 0.274493
0.539685 0.708740
0.736911 0.456962
1.000000 0.000000
1.000000 0.000000
0.411043 0.831044
0.642447 0.587262
0.738436 0.454712
0.491486 0.758441
1.000000 0.000000
1.000000 0.000000
0.386114 0.850916
0.871282 0.240868
0.305909 0.906420
0.998678 0.002642
0.613507 0.623609
0.280775 6.736172
0.566909 0.678614
1.000000 0.000000
0.659994 0.564408
1.000000 0.000000
0.695584 0.516163
0.831329 0.308892
0.365295 0.866559
0.902462 0.185562
0.675004 0.544369
0.642447 0.587262
0.490576 0.759335
0.450371 0.797166
1.000000 0.000000
1.000000 0.000000
0.999965 0.000070
0.479800 0.769792
0.280775 5.807951
0.543579 0.704522
1.000000 0.000000
0.921582 0.150686
0.325924 0.893773
0.987059 0.025715
1.000000 0.000000
0.280779 3.997545
1.000000 0.000000
1.000000 0.000000
0.859259 0.261674
0.820682 0.326481
0.996039 0.007907
0.908232 0.175114
0.642590 0.587078
0.280778 0.921164
0.924790 0.144764
0.629844 0.603296
0.854985 0.269000
0.616299 0.620175
0.917317 0.158529
1.000000 0.000000
1.000000 0.000000
0.697198 0.513914
1.000000 0.000000
1.000000 0.000000
0.284321 0.919161
1.000000 0.000000
0.494602 0.755368
0.678529 0.539598
0.743927 0.446572
0.639692 0.590794
0.680755 0.536573
0.280775 0.921165
0.966755 0.065385
0.814034 0.337349
1.000000 0.000000
0.899084 0.191648
0.761914 0.419486
0.383698 0.852775
0.529919 0.719186
0.653182 0.573354
0.356758 0.872724
0.874814 0.234700
0.767607 0.410779
0.717572 0.485091
0.280776 3.882917
0.517071 0.732638
0.815977 0.334181
0.568450 0.676865
0.913148 0.166160
0.451707 0.795960
1.000000 0.000000
1.000000 0.000000
0.280779 2.029220
0.468145 0.780841
1.000000 0.000000
0.726340 0.472430
0.402612 0.837903
0.914280 0.164092
1.000000 0.000000
1.000000 0.000000
0.914936 0.162893
0.703039 0.505736
1.000000 0.000000
1.000000 0.000000
0.717007 0.485901
0.728622 0.469110
0.435803 0.810075
0.625865 0.608294
1.000000 0.000000
1.000000 0.000000
1.000000 0.000000
0.788198 0.378744
0.424771 0.819569
1.000000 0.000000
0.385467 0.851415
1.000000 0.000000
0.515208 0.734561
1.000000 0.000000
0.826213 0.317372
0.585780 0.656862
1.000000 0.000000
0.847681 0.281436
0.280777 5.155210
0.749817 0.437775
0.510658 0.739229
1.000000 0.000000
1.000000 0.000000
0.280776 5.400108
0.472731 0.776525
1.000000 0.000000
0.668920 0.552547
0.417327 0.825838
1.000000 0.000000
0.632695 0.599697
0.958374 0.081520
0.410516 0.831476
0.422572 0.821433
0.896406 0.196455
0.829383 0.312124
0.526275 0.723035
0.926547 0.141511
0.477831 0.771678
0.943584 0.109649
0.475721 0.773690
0.309991 0.903906
0.482882 0.766825
0.677125 0.541502
0.325130 0.894290
0.886969 0.213286
1.000000 0.000000
0.598092 0.642286
1.000000 0.000000
0.603420 0.635884
0.306655 0.905963
0.280821 2.233672
0.418345 0.824988
0.801975 0.356836
0.572581 0.672151
1.000000 0.000000
0.736993 0.456841
0.893870 0.200997
0.420248 0.823392
1.000000 0.000000
0.777717 0.395157
0.697175 0.513948
0.638215 0.592681
0.378724 0.856568
1.000000 0.000000
0.740837 0.451160
0.680925 0.536341
0.631194 0.601594
0.280776 6.124604
0.280839 0.921129
1.000000 0.000000
0.941274 0.114004
0.724379 0.475275
1.000000 0.000000
0.437890 0.808252
0.455223 0.792772
0.379119 0.856269
0.472970 0.776299
1.000000 0.000000
0.805913 0.350503
1.000000 0.000000
0.539515 0.708923
0.414997 0.827777
0.691085 0.522401
0.575663 0.668612
0.690582 0.523097
0.433970 0.811670
0.478042 0.771476
1.000000 0.000000
0.927726 0.139325
0.785971 0.382250
0.365984 0.866055
1.000000 0.000000
0.905599 0.179890
0.831361 0.308838
0.701977 0.507229
0.763608 0.416903
1.000000 0.000000
0.280776 0.921165
1.000000 0.000000
0.875383 0.233704
1.000000 0.000000
0.765455 0.414079
0.932218 0.130969
0.280778 0.921164
0.676864 0.541855
0.280777 0.921164
0.567857 0.677539
1.000000 0.000000
0.282749 0.920053
1.000000 0.000000
1.000000 0.000000
1.000000 0.000000
0.986944 0.025942
1.000000 0.000000
0.708174 0.498490
0.890268 0.207424
1.000000 0.000000
0.378853 0.856470
0.918783 0.155837
0.490945 0.758973
0.863146 0.254980
1.000000 0.000000
0.921616 0.150624
0.564997 0.680778
0.988574 0.022721
0.403992 0.836790
0.748171 0.440240
0.426620 0.817996
0.813924 0.337527
0.424197 0.820057
0.453979 0.793903
0.759140 0.423706
0.885080 0.216634
1.000000 0.000000
0.691777 0.521445
0.778369 0.394142
0.602684 0.636772
0.810611 0.342910
0.441370 0.805192
0.701735 0.507568
0.883442 0.219531
0.498413 0.751585
1.000000 0.000000
1.000000 0.000000
0.781896 0.388639
0.803645 0.354155
1.000000 0.000000
0.444268 0.802626
0.784987 0.383796
1.000000 0.000000
1.000000 0.000000
0.861599 0.257646
0.816946 0.332599
0.975066 0.049246
1.000000 0.000000
0.465257 0.783536
0.534481 0.714330
0.913706 0.165142
1.000000 0.000000
0.782276 0.388044
0.931298 0.132685
0.887552 0.212251
0.378855 0.856469
1.000000 0.000000
0.764985 0.414798
0.770977 0.405595
0.280775 0.921165
0.391513 0.846717
0.740992 0.450931
0.930110 0.134895
0.707087 0.500028
0.280776 4.805987
1.000000 0.000000
1.000000 0.000000
1.000000 0.000000
1.000000 0.000000
1.000000 0.000000
1.000000 0.000000
1.000000 0.000000
1.000000 0.000000
1.000000 0.000000
0.911594 0.168996
1.000000 0.000000
0.800220 0.359648
0.553326 0.693830
0.280793 0.921155
0.835204 0.302435
1.000000 0.000000
0.953151 0.091503
1.000000 0.000000
0.438542 0.807681
0.734958 0.459837
0.280778 2.883436
1.000000 0.000000
0.280776 6.923678
0.280777 4.564791
0.280775 0.921165
0.512686 0.737153
1.000000 0.000000
0.854211 0.270324
1.000000 0.000000
0.438542 0.807681
1.000000 0.000000
0.550083 0.697409
0.306268 0.906200
0.416972 0.826134
0.895941 0.197290
0.361672 0.869193
0.715286 0.488366
0.394820 0.844117
0.282459 0.920217
0.603625 0.635637
0.684680 0.531214
0.653216 0.573309
0.688130 0.526478
0.490479 0.759431
1.000000 0.000000
0.414717 0.828009
0.874810 0.234707
0.600571 0.639314
0.511781 0.738080
0.861214 0.258310
0.603625 0.635637
0.404999 0.835976
0.814996 0.335781
0.771459 0.404852
0.422231 0.821721
0.461909 0.786640
1.000000 0.000000
0.662018 0.561732
0.815200 0.335449
0.690391 0.523361
1.000000 0.000000
0.280775 3.543562
0.835503 0.301935
0.786211 0.381872
1.000000 0.000000
1.000000 0.000000
0.743279 0.447537
0.687908 0.526782
0.898851 0.192068
0.720102 0.481453
1.000000 0.000000
1.000000 0.000000
0.808952 0.345596
0.540738 0.707603
0.760570 0.421533
1.000000 0.000000
1.000000 0.000000
0.641684 0.588242
1.000000 0.000000
1.000000 0.000000
0.282911 0.919961
0.425231 0.819178
1.000000 0.000000
0.580202 0.663366
1.000000 0.000000
0.769224 0.408295
0.508983 0.740936
1.000000 0.000000
0.748431 0.439851
0.704095 0.504250
0.445579 0.801459
0.411516 0.830655
0.280806 2.007466
1.000000 0.000000
1.000000 0.000000
1.000000 0.000000
0.663009 0.560419
1.000000 0.000000
0.295286 0.912806
0.811196 0.341960
0.872692 0.238408
0.865916 0.250190
1.000000 0.000000
0.546056 0.701823
1.000000 0.000000
0.820437 0.326882
1.000000 0.000000
1.000000 0.000000
0.745952 0.443556
1.000000 0.000000
0.803164 0.354928
1.000000 0.000000
0.929445 0.136132
0.409818 0.832049
0.903586 0.183532
0.793950 0.369643
1.000000 0.000000
0.708538 0.497974
1.000000 0.000000
0.280779 0.921163
0.280775 2.322892
1.000000 0.000000
0.897616 0.194286
0.563786 0.682145
0.317930 0.898920
0.834315 0.303918
0.636241 0.595197
1.000000 0.000000
1.000000 0.000000
1.000000 0.000000
1.000000 0.000000
1.000000 0.000000
0.735788 0.458615
0.280797 0.921153
1.000000 0.000000
0.281531 0.920741
1.000000 0.000000
0.861490 0.257835
1.000000 0.000000
1.000000 0.000000
1.000000 0.000000
1.000000 0.000000
1.000000 0.000000
0.421258 0.822542
0.671311 0.549342
0.711123 0.494304
0.346331 0.880055
0.999840 0.000321
0.500763 0.749237
0.614589 0.622281
1.000000 0.000000
1.000000 0.000000
0.667191 0.554856
1.000000 0.000000
0.903737 0.183259
0.620559 0.614907
0.291045 0.915293
0.998117 0.003763
0.919847 0.153882
0.644277 0.584907
0.780665 0.390562
0.409474 0.832331
0.653770 0.572585
0.280781 4.843230
1.000000 0.000000
0.903737 0.183259
0.729427 0.467936
1.000000 0.000000
1.000000 0.000000
0.683032 0.533468
1.000000 0.000000
0.648557 0.579374
0.751640 0.435037
0.282400 0.920250
0.280794 0.921154
1.000000 0.000000
0.873101 0.237695
0.801751 0.357195
1.000000 0.000000
0.526814 0.722467
0.906943 0.177454
1.000000 0.000000
1.000000 0.000000
0.810266 0.343469
0.820650 0.326534
0.841566 0.291767
0.686115 0.529246
1.000000 0.000000
0.825897 0.317894
0.475100 0.774280
0.857611 0.264503
0.280775 0.921165
0.870906 0.241523
0.871393 0.240675
0.444525 0.802398
0.811637 0.341246
1.000000 0.000000
1.000000 0.000000
0.358706 0.871330
0.924241 0.145778
0.578297 0.665572
0.487485 0.762359
1.000000 0.000000
0.631736 0.600909
0.942562 0.111577
0.997325 0.005342
1.000000 0.000000
0.557528 0.689162
0.940842 0.114816
0.280775 0.921165
0.907521 0.176406
0.831716 0.308249
0.672738 0.547424
0.280775 0.921165
0.848975 0.279242
0.733272 0.462312
1.000000 0.000000
0.820605 0.326607
0.280971 0.921055
1.000000 0.000000
0.632231 0.600283
1.000000 0.000000
0.829223 0.312389
0.280775 5.095132
0.862687 0.255771
1.000000 0.000000
0.603169 0.636187
0.280777 2.464265
1.000000 0.000000
0.761348 0.420349
0.601674 0.637988
1.000000 0.000000
1.000000 0.000000
0.673118 0.546912
0.470024 0.779077
1.000000 0.000000
1.000000 0.000000
1.000000 0.000000
1.000000 0.000000
1.000000 0.000000
1.000000 0.000000
1.000000 0.000000
0.805862 0.350587
0.544605 0.703405
1.000000 0.000000
0.891987 0.204360
0.738826 0.454135
0.280787 7.744826
0.843742 0.288099
0.280795 0.921154
1.000000 0.000000
0.951283 0.095061
0.908159 0.175247
1.000000 0.000000
1.000000 0.000000
0.419630 0.823911
0.944960 0.107050
1.000000 0.000000
1.000000 0.000000
1.000000 0.000000
1.000000 0.000000
0.607973 0.630369
0.847588 0.281594
0.755739 0.428859
0.576484 0.667666
0.971008 0.057143
1.000000 0.000000
0.999620 0.000760
1.000000 0.000000
0.280776 3.918561
0.483376 0.766347
0.614308 0.622625
0.668357 0.553299
0.280776 0.921165
0.530831 0.718218
1.000000 0.000000
1.000000 0.000000
1.000000 0.000000
0.740474 0.451699
1.000000 0.000000
0.759575 0.423046
0.491977 0.757958
0.661169 0.562856
0.521904 0.727616
0.885783 0.215388
0.727440 0.470830
0.526443 0.722858
0.710963 0.494532
0.700291 0.509592
0.999998 0.000005
1.000000 0.000000
0.280776 1.753024
0.846224 0.283906
0.735322 0.459302
0.386286 0.850783
0.418104 0.825189
0.703132 0.505606
1.000000 0.000000
1.000000 0.000000
0.906102 0.178979
0.280779 0.921163
0.293809 0.913676
0.282202 0.920362
0.974372 0.050599
0.394174 0.844627
0.885929 0.215129
1.000000 0.000000
1.000000 0.000000
0.906102 0.178979
1.000000 0.000000
0.353105 0.875317
0.281336 0.920850
0.280786 1.760962
0.280778 6.193344
1.000000 0.000000
0.789256 0.377076
1.000000 0.000000
1.000000 0.000000
0.479597 0.769987
0.680784 0.536533
0.280787 4.563950
0.811843 0.340911
0.722585 0.477871
0.280777 7.712378
0.280775 8.625358
0.280776 0.921165
0.280775 5.273844
0.905868 0.179403
0.705894 0.501714
0.370773 0.862528
0.539335 0.709118
1.000000 0.000000
0.280777 7.712378
0.280775 8.625358
1.000000 0.000000
1.000000 0.000000
1.000000 0.000000
0.515233 0.734535
0.497567 0.752427
1.000000 0.000000
1.000000 0.000000
0.562691 0.683379
1.000000 0.000000
1.000000 0.000000
1.000000 0.000000
0.285947 0.918234
0.877166 0.230580
0.850321 0.276954
0.833735 0.304887
0.428514 0.816376
0.969711 0.059660
0.289990 0.915906
1.000000 0.000000
0.516471 0.733258
0.280776 3.031730
0.753909 0.431621
1.000000 0.000000
0.542987 0.705165
0.444222 0.802667
0.841791 0.291388
1.000000 0.000000
0.602801 0.636631
0.727892 0.470173
1.000000 0.000000
0.536651 0.712006
1.000000 0.000000
0.834882 0.302973
0.753673 0.431977
1.000000 0.000000
0.988951 0.021975
0.799857 0.360229
0.723060 0.477185
0.746785 0.442313
1.000000 0.000000
0.825963 0.317784
0.280790 0.921157
0.910722 0.170585
1.000000 0.000000
0.699157 0.511180
0.845465 0.285190
0.482179 0.767503
1.000000 0.000000
1.000000 0.000000
0.804635 0.352562
0.431202 0.814065
1.000000 0.000000
0.280780 3.026255
0.871351 0.240748
0.571736 0.673118
0.280775 7.491383
1.000000 0.000000
0.482179 0.767503
0.715021 0.488745
0.663427 0.559864
1.000000 0.000000
1.000000 0.000000
0.280777 2.817343
0.708834 0.497555
0.426690 0.817936
0.702424 0.506600
1.000000 0.000000
1.000000 0.000000
0.842980 0.289385
1.000000 0.000000
1.000000 0.000000
0.548837 0.698778
0.768882 0.408820
0.598317 0.642016
1.000000 0.000000
0.280775 7.491383
0.280784 0.921160
0.280789 0.921158
0.642298 0.587453
0.280776 2.893424
0.459853 0.788535
1.000000 0.000000
0.860088 0.260248
1.000000 0.000000
0.557749 0.688916
0.947364 0.102501
0.620791 0.614618
1.000000 0.000000
1.000000 0.000000
1.000000 0.000000
0.280777 1.942989
1.000000 0.000000
0.807832 0.347408
1.000000 0.000000
0.426241 0.818318
0.901345 0.187577
0.280776 2.055209
0.516639 0.733084
0.540345 0.708027
0.294875 0.913049
0.937213 0.121631
1.000000 0.000000
0.280775 3.672937
0.671359 0.549277
1.000000 0.000000
0.405142 0.835860
0.825534 0.318494
0.513652 0.736162
1.000000 0.000000
0.918522 0.156317
0.778435 0.394039
0.280783 2.164654
0.727990 0.470030
1.000000 0.000000
0.486010 0.763794
0.873886 0.236323
0.444851 0.802108
1.000000 0.000000
0.657410 0.567812
1.000000 0.000000
0.673583 0.546285
0.415225 0.827588
0.833273 0.305657
1.000000 0.000000
1.000000 0.000000
0.712654 0.492125
0.280776 4.591078
0.895833 0.197484
0.384645 0.852048
0.280780 0.921163
0.540777 0.707560
0.484593 0.765169
0.928249 0.138353
0.320267 0.897429
1.000000 0.000000
0.803409 0.354534
0.406657 0.834630
1.000000 0.000000
0.727655 0.470518
0.918239 0.156836
1.000000 0.000000
0.583344 0.659709
0.428372 0.816497
1.000000 0.000000
1.000000 0.000000
0.280776 4.691333
0.280776 7.315891
1.000000 0.000000
1.000000 0.000000
0.445885 0.801187
0.579671 0.663981
0.552852 0.694354
1.000000 0.000000
1.000000 0.000000
0.774642 0.399930
0.280776 7.315891
0.848281 0.280419
0.280776 7.315891
1.000000 0.000000
0.508980 0.740939
0.529620 0.719503
0.474026 0.775299
1.000000 0.000000
0.517115 0.732592
0.805281 0.351522
1.000000 0.000000
0.280776 7.315891
1.000000 0.000000
1.000000 0.000000
0.875414 0.233650
1.000000 0.000000
0.945721 0.105613
0.280775 7.236481
0.280776 2.650718
0.450826 0.796756
1.000000 0.000000
0.899731 0.190484
0.462976 0.785653
0.861018 0.258648
1.000000 0.000000
1.000000 0.000000
1.000000 0.000000
0.903746 0.183243
1.000000 0.000000
0.689273 0.524902
0.509239 0.740675
1.000000 0.000000
0.280776 0.921165
0.874487 0.235272
0.844714 0.286458
0.425138 0.819257
0.691098 0.522383
0.280776 6.842684
0.900469 0.189156
0.636752 0.594546
0.280778 5.356933
1.000000 0.000000
0.365391 0.866489
1.000000 0.000000
0.280775 4.468648
0.458682 0.789611
0.280775 5.332496
0.280775 5.332496
0.280776 6.842684
0.280778 5.356933
0.860741 0.259125
0.280778 5.356933
1.000000 0.000000
0.431534 0.813778
1.000000 0.000000
0.280778 0.921164
1.000000 0.000000
1.000000 0.000000
0.906688 0.177916
0.472774 0.776485
0.890461 0.207078
1.000000 0.000000
0.376408 0.858317
1.000000 0.000000
1.000000 0.000000
1.000000 0.000000
0.729300 0.468121
1.000000 0.000000
1.000000 0.000000
0.807074 0.348632
1.000000 0.000000
0.280779 0.921163
0.485035 0.764741
1.000000 0.000000
0.416858 0.826229
0.387729 0.849666
1.000000 0.000000
0.780604 0.390657
1.000000 0.000000
0.969736 0.059612
1.000000 0.000000
0.280775 4.786942
0.282704 0.920079
0.714722 0.489173
0.647268 0.581044
1.000000 0.000000
0.336925 0.886482
1.000000 0.000000
0.836727 0.299888
0.756951 0.427026
0.742710 0.448382
0.282704 0.920079
0.524094 0.725326
1.000000 0.000000
1.000000 0.000000
0.605341 0.633562
1.000000 0.000000
0.735306 0.459325
0.813582 0.338085
0.925886 0.142735
0.568050 0.677319
1.000000 0.000000
0.573611 0.670970
0.920595 0.152504
0.831281 0.308972
1.000000 0.000000
1.000000 0.000000
0.682108 0.534729
0.927532 0.139684
0.553591 0.693537
1.000000 0.000000
1.000000 0.000000
0.657395 0.567831
0.769298 0.408180
0.757221 0.426616
0.725348 0.473871
0.628363 0.605160
1.000000 0.000000
0.280779 1.838733
1.000000 0.000000
0.281047 1.786417
0.695199 0.516698
0.330434 0.890814
0.403244 0.837394
0.464676 0.784076
0.870396 0.242411
1.000000 0.000000
