0.000000 1.000000
0.000000 1.000000
0.000000 1.000000
0.000000 1.000000
0.000000 1.000000
0.000000 1.000000
0.000000 1.000000
0.000000 1.000000
0.000000 1.000000
0.000000 1.000000
0.000000 1.000000
0.000000 1.000000
0.000000 1.000000
0.000000 1.000000
0.000000 1.000000
0.851687 -0.773360
0.000000 1.000000
0.000000 1.000000
0.000000 1.000000
0.000000 1.000000
0.000000 1.000000
0.000000 1.000000
0.852029 -0.773353
0.000000 1.000000
0.000000 1.000000
0.000000 1.000000
0.000000 1.000000
0.658813 -0.445396
0.000000 1.000000
0.000000 1.000000
0.000000 1.000000
0.000000 1.000000
0.000000 1.000000
0.000000 1.000000
0.868986 -0.651127
0.000000 1.000000
0.000000 1.000000
0.000000 1.000000
0.000000 1.000000
0.000000 1.000000
0.000000 1.000000
0.000000 1.000000
0.000000 1.000000
0.000000 1.000000
0.000000 1.000000
0.000000 1.000000
0.000000 1.000000
0.000000 1.000000
0.000000 1.000000
0.000000 1.000000
0.000000 1.000000
0.000000 1.000000
0.000000 1.000000
0.000000 1.000000
0.000000 1.000000
0.852913 -0.772864
0.000000 1.000000
0.000000 1.000000
0.000000 1.000000
0.000000 1.000000
0.854177 -0.771051
0.000000 1.000000
0.000000 1.000000
0.000000 1.000000
0.656016 -0.451905
0.000000 1.000000
0.000000 1.000000
0.851917 -0.773355
0.000000 1.000000
0.000000 1.000000
0.000000 1.000000
0.189627 0.625245
0.000000 1.000000
0.000000 1.000000
0.000000 1.000000
0.000000 1.000000
0.000000 1.000000
0.000000 1.000000
0.000000 1.000000
0.000000 1.000000
0.000000 1.000000
0.000000 1.000000
0.000000 1.000000
0.000000 1.000000
0.000000 1.000000
0.000000 1.000000
0.000000 1.000000
0.000000 1.000000
0.000000 1.000000
0.000000 1.000000
0.852144 -0.773328
0.000000 1.000000
0.849991 -0.771901
0.000000 1.000000
0.000000 1.000000
0.000000 1.000000
0.000000 1.000000
0.000000 1.000000
0.000000 1.000000
0.000000 1.000000
0.000000 1.000000
0.000000 1.000000
0.000000 1.000000
0.000000 1.000000
0.000000 1.000000
0.192574 0.605688
0.000000 1.000000
0.000000 1.000000
0.000000 1.000000
0.000000 1.000000
0.000000 1.000000
0.000000 1.000000
0.000000 1.000000
0.000000 1.000000
0.000000 1.000000
0.633647 -0.347865
0.000000 1.000000
0.000000 1.000000
0.000000 1.000000
0.000000 1.000000
0.443690 -0.101100
0.851660 -0.773356
0.000000 1.000000
0.851660 -0.773356
0.633647 -0.347865
0.000000 1.000000
0.000000 1.000000
0.000000 1.000000
0.000000 1.000000
0.000000 1.000000
0.000000 1.000000
0.000000 1.000000
0.000000 1.000000
0.000000 1.000000
0.000000 1.000000
0.000000 1.000000
0.000000 1.000000
0.853639 -0.771992
0.000000 1.000000
0.000000 1.000000
0.000000 1.000000
0.000000 1.000000
0.206639 0.502638
0.000000 1.000000
0.000000 1.000000
0.000000 1.000000
0.452221 -0.123594
0.000000 1.000000
0.000000 1.000000
0.000000 1.000000
0.000000 1.000000
0.000000 1.000000
0.000000 1.000000
0.000000 1.000000
0.000000 1.000000
0.000000 1.000000
0.000000 1.000000
0.000000 1.000000
0.000000 1.000000
0.000000 1.000000
0.000000 1.000000
0.000000 1.000000
0.000000 1.000000
0.000000 1.000000
0.000000 1.000000
0.000000 1.000000
0.000000 1.000000
0.000000 1.000000
0.000000 1.000000
0.000000 1.000000
0.000000 1.000000
0.053593 0.717075
0.000000 1.000000
0.000000 1.000000
0.000000 1.000000
0.000000 1.000000
0.000000 1.000000
0.000000 1.000000
0.000000 1.000000
0.853345 -0.772405
0.000000 1.000000
0.000000 1.000000
0.000000 1.000000
0.852478 -0.773193
0.000000 1.000000
0.000000 1.000000
0.000000 1.000000
0.000000 1.000000
0.000000 1.000000
0.000000 1.000000
0.000000 1.000000
0.000000 1.000000
0.000000 1.000000
0.623092 -0.202772
0.000000 1.000000
0.231781 0.323725
0.000000 1.000000
0.652833 -0.458221
0.000000 1.000000
0.859279 -0.750001
0.853300 -0.772461
0.000000 1.000000
0.000000 1.000000
0.000000 1.000000
0.000000 1.000000
0.000000 1.000000
0.000000 1.000000
0.645754 -0.443605
0.000000 1.000000
0.000000 1.000000
0.000000 1.000000
0.000000 1.000000
0.646399 -0.445822
0.000000 1.000000
0.000000 1.000000
0.000000 1.000000
0.000000 1.000000
0.000000 1.000000
0.000000 1.000000
0.000000 1.000000
0.208127 0.491267
0.000000 1.000000
0.000000 1.000000
0.000000 1.000000
0.000000 1.000000
0.000000 1.000000
0.618996 -0.134611
0.609067 0.048421
0.000000 1.000000
0.852159 -0.773324
0.000000 1.000000
0.000000 1.000000
0.000000 1.000000
0.626319 -0.252241
0.000000 1.000000
0.000000 1.000000
0.000000 1.000000
0.000000 1.000000
0.000000 1.000000
0.000000 1.000000
0.000000 1.000000
0.000000 1.000000
0.000000 1.000000
0.852200 -0.773312
0.000000 1.000000
0.646568 -0.446907
0.652628 -0.458259
0.000000 1.000000
0.000000 1.000000
0.000000 1.000000
0.853931 -0.771511
0.000000 1.000000
0.000000 1.000000
0.000000 1.000000
0.000000 1.000000
0.000000 1.000000
0.000000 1.000000
0.000000 1.000000
0.853162 -0.772624
0.000000 1.000000
0.000000 1.000000
0.000000 1.000000
0.852865 -0.772919
0.852953 -0.772839
0.000000 1.000000
0.000000 1.000000
0.000000 1.000000
0.000000 1.000000
0.000000 1.000000
0.000000 1.000000
0.000000 1.000000
0.000000 1.000000
0.000000 1.000000
0.852865 -0.772919
0.000000 1.000000
0.656474 -0.453173
0.000000 1.000000
0.000000 1.000000
0.000000 1.000000
0.000000 1.000000
0.000000 1.000000
0.000000 1.000000
0.000000 1.000000
0.000000 1.000000
0.000000 1.000000
0.000000 1.000000
0.000000 1.000000
0.851725 -0.772873
0.000000 1.000000
0.000000 1.000000
0.000000 1.000000
0.000000 1.000000
0.000000 1.000000
0.000000 1.000000
0.000000 1.000000
0.205335 0.512608
0.000000 1.000000
0.000000 1.000000
0.000000 1.000000
0.000000 1.000000
0.000000 1.000000
0.000000 1.000000
0.000000 1.000000
0.854832 -0.769573
0.000000 1.000000
0.226375 0.357380
0.000000 1.000000
0.000000 1.000000
0.851179 -0.773189
0.000000 1.000000
0.000000 1.000000
0.000000 1.000000
0.000000 1.000000
0.000000 1.000000
0.463956 -0.101215
0.000000 1.000000
0.000000 1.000000
0.000000 1.000000
0.000000 1.000000
0.000000 1.000000
0.000000 1.000000
0.000000 1.000000
0.000000 1.000000
0.000000 1.000000
0.000000 1.000000
0.000000 1.000000
0.000000 1.000000
0.000000 1.000000
0.000000 1.000000
0.000000 1.000000
0.000000 1.000000
0.000000 1.000000
0.000000 1.000000
0.851479 -0.773316
0.000000 1.000000
0.000000 1.000000
0.000000 1.000000
0.000000 1.000000
0.000000 1.000000
0.000000 1.000000
0.000000 1.000000
0.000000 1.000000
0.069814 0.681070
0.000000 1.000000
0.852999 -0.772795
0.000000 1.000000
0.000000 1.000000
0.000000 1.000000
0.000000 1.000000
0.000000 1.000000
0.000000 1.000000
0.000000 1.000000
0.000000 1.000000
0.000000 1.000000
0.000000 1.000000
0.000000 1.000000
0.852405 -0.773231
0.446893 -0.113268
0.852405 -0.773231
0.000000 1.000000
0.000000 1.000000
0.000000 1.000000
0.000000 1.000000
0.000000 1.000000
0.000000 1.000000
0.000000 1.000000
0.000000 1.000000
0.000000 1.000000
0.000000 1.000000
0.000000 1.000000
0.000000 1.000000
0.000000 1.000000
0.000000 1.000000
0.852030 -0.773295
0.184800 0.655454
0.851120 -0.773155
0.000000 1.000000
0.000000 1.000000
0.000000 1.000000
0.000000 1.000000
0.000000 1.000000
0.000000 1.000000
0.000000 1.000000
0.000000 1.000000
0.000000 1.000000
0.000000 1.000000
0.000000 1.000000
0.000000 1.000000
0.000000 1.000000
0.000000 1.000000
0.000000 1.000000
0.000000 1.000000
0.000000 1.000000
0.000000 1.000000
0.000000 1.000000
0.000000 1.000000
0.000000 1.000000
0.000000 1.000000
0.000000 1.000000
0.000000 1.000000
0.000000 1.000000
0.000000 1.000000
0.000000 1.000000
0.000000 1.000000
0.000000 1.000000
0.000000 1.000000
0.000000 1.000000
0.000000 1.000000
0.000000 1.000000
0.000000 1.000000
0.416545 0.147703
0.851792 -0.773368
0.000000 1.000000
0.000000 1.000000
0.000000 1.000000
0.000000 1.000000
0.000000 1.000000
0.000000 1.000000
0.000000 1.000000
0.000000 1.000000
0.000000 1.000000
0.240556 0.279490
0.000000 1.000000
0.000000 1.000000
0.851962 -0.773362
0.083169 0.669654
0.000000 1.000000
0.000000 1.000000
0.000000 1.000000
0.000000 1.000000
0.000000 1.000000
0.000000 1.000000
0.000000 1.000000
0.000000 1.000000
0.000000 1.000000
0.000000 1.000000
0.000000 1.000000
0.000000 1.000000
0.000000 1.000000
0.852279 -0.773285
0.000000 1.000000
0.000000 1.000000
0.000000 1.000000
0.000000 1.000000
0.000000 1.000000
0.000000 1.000000
0.000000 1.000000
0.000000 1.000000
0.000000 1.000000
0.000000 1.000000
0.000000 1.000000
0.000000 1.000000
0.000000 1.000000
0.852525 -0.773167
0.000000 1.000000
0.000000 1.000000
0.000000 1.000000
0.657420 -0.450453
0.000000 1.000000
0.000000 1.000000
0.000000 1.000000
0.000000 1.000000
0.000000 1.000000
0.850021 -0.769613
0.000000 1.000000
0.000000 1.000000
0.000000 1.000000
0.000000 1.000000
0.000000 1.000000
0.000000 1.000000
0.000000 1.000000
0.000000 1.000000
0.000000 1.000000
0.000000 1.000000
0.012045 0.885802
0.000000 1.000000
0.000000 1.000000
0.000000 1.000000
0.000000 1.000000
0.000000 1.000000
0.851941 -0.773361
0.000000 1.000000
0.000000 1.000000
0.000000 1.000000
0.000000 1.000000
0.000000 1.000000
0.000000 1.000000
0.000000 1.000000
0.000000 1.000000
0.000000 1.000000
0.000000 1.000000
0.851941 -0.773361
0.000000 1.000000
0.852252 -0.773295
0.000000 1.000000
0.000000 1.000000
0.000000 1.000000
0.000000 1.000000
0.000000 1.000000
0.000000 1.000000
0.000000 1.000000
0.000000 1.000000
0.000000 1.000000
0.000000 1.000000
0.851609 -0.773306
0.000000 1.000000
0.000000 1.000000
0.851869 -0.773368
0.000000 1.000000
0.849878 -0.771759
0.000000 1.000000
0.850499 -0.772618
0.000000 1.000000
0.000000 1.000000
0.000000 1.000000
0.857724 -0.758730
0.000000 1.000000
0.000000 1.000000
0.000000 1.000000
0.146862 0.763621
0.000000 1.000000
0.470939 -0.058828
0.000000 1.000000
0.000000 1.000000
0.067103 0.683411
0.000000 1.000000
0.000000 1.000000
0.000000 1.000000
0.852044 -0.773350
0.000000 1.000000
0.000000 1.000000
0.000000 1.000000
0.000000 1.000000
0.000000 1.000000
0.000000 1.000000
0.000000 1.000000
0.000000 1.000000
0.000000 1.000000
0.000000 1.000000
0.000000 1.000000
0.000000 1.000000
0.000000 1.000000
0.878385 -0.488896
0.000000 1.000000
0.000000 1.000000
0.000000 1.000000
0.850226 -0.772282
0.000000 1.000000
0.646213 -0.445518
0.000000 1.000000
0.850327 -0.772000
0.000000 1.000000
0.000000 1.000000
0.000000 1.000000
0.852915 -0.772625
0.000000 1.000000
0.000000 1.000000
0.000000 1.000000
0.000000 1.000000
0.000000 1.000000
0.000000 1.000000
0.000000 1.000000
0.000000 1.000000
0.454251 -0.124090
0.000000 1.000000
0.000000 1.000000
0.000000 1.000000
0.000000 1.000000
0.000000 1.000000
0.000000 1.000000
0.000000 1.000000
0.000000 1.000000
0.000000 1.000000
0.085846 0.670078
0.852983 -0.771503
0.000000 1.000000
0.461795 -0.110006
0.000000 1.000000
0.000000 1.000000
0.000000 1.000000
0.000000 1.000000
0.000000 1.000000
0.415249 0.164195
0.000000 1.000000
0.000000 1.000000
0.000000 1.000000
0.000000 1.000000
0.000000 1.000000
0.852370 -0.773247
0.000000 1.000000
0.000000 1.000000
0.000000 1.000000
0.000000 1.000000
0.000000 1.000000
0.000000 1.000000
0.000000 1.000000
0.000000 1.000000
0.000000 1.000000
0.000000 1.000000
0.823012 -0.451696
0.000000 1.000000
0.000000 1.000000
0.000000 1.000000
0.000000 1.000000
0.000000 1.000000
0.255985 0.242577
0.000000 1.000000
0.000000 1.000000
0.000000 1.000000
0.000000 1.000000
0.631264 -0.314607
0.000000 1.000000
0.000000 1.000000
0.457199 -0.121612
0.000000 1.000000
0.000000 1.000000
0.000000 1.000000
0.852004 -0.773176
0.000000 1.000000
0.000000 1.000000
0.000000 1.000000
0.000000 1.000000
0.000000 1.000000
0.851758 -0.773367
0.000000 1.000000
0.000000 1.000000
0.852004 -0.773176
0.255667 0.242739
0.000000 1.000000
0.000000 1.000000
0.000000 1.000000
0.000000 1.000000
0.000000 1.000000
0.000000 1.000000
0.850643 -0.772551
0.000000 1.000000
0.000000 1.000000
0.647546 -0.450008
0.000000 1.000000
0.000000 1.000000
0.000000 1.000000
0.852303 -0.773276
0.000000 1.000000
0.852519 -0.772848
0.618958 -0.133780
0.000000 1.000000
0.000000 1.000000
0.000000 1.000000
0.000000 1.000000
0.000000 1.000000
0.000000 1.000000
0.000000 1.000000
0.857816 -0.758271
0.000000 1.000000
0.630836 -0.314174
0.000000 1.000000
0.000000 1.000000
0.000000 1.000000
0.000000 1.000000
0.000000 1.000000
0.000000 1.000000
0.000000 1.000000
0.000000 1.000000
0.000000 1.000000
0.000000 1.000000
0.852585 -0.773131
0.441565 -0.089938
0.000000 1.000000
0.000000 1.000000
0.838431 -0.699287
0.000000 1.000000
0.000000 1.000000
0.636989 -0.382602
0.058636 0.707274
0.000000 1.000000
0.000000 1.000000
0.000000 1.000000
0.000000 1.000000
0.000000 1.000000
0.000000 1.000000
0.000000 1.000000
0.000000 1.000000
0.000000 1.000000
0.000000 1.000000
0.851955 -0.773363
0.000000 1.000000
0.000000 1.000000
0.000000 1.000000
0.000000 1.000000
0.851324 -0.773202
0.000000 1.000000
0.000000 1.000000
0.000000 1.000000
0.000000 1.000000
0.000000 1.000000
0.000000 1.000000
0.000000 1.000000
0.000000 1.000000
0.000000 1.000000
0.000000 1.000000
0.000000 1.000000
0.000000 1.000000
0.000000 1.000000
0.000000 1.000000
0.852059 -0.773347
0.000000 1.000000
0.000000 1.000000
0.000000 1.000000
0.000000 1.000000
0.000000 1.000000
0.205322 0.512703
0.000000 1.000000
0.000000 1.000000
0.000000 1.000000
0.000000 1.000000
0.850575 -0.772118
0.000000 1.000000
0.000000 1.000000
0.000000 1.000000
0.000000 1.000000
0.853607 -0.772041
0.000000 1.000000
0.000000 1.000000
0.000000 1.000000
0.000000 1.000000
0.851195 -0.772778
0.000000 1.000000
0.000000 1.000000
0.000000 1.000000
0.000000 1.000000
0.000000 1.000000
0.000000 1.000000
0.000000 1.000000
0.000000 1.000000
0.000000 1.000000
0.000000 1.000000
0.000000 1.000000
0.000000 1.000000
0.000000 1.000000
0.853607 -0.772041
0.000000 1.000000
0.000000 1.000000
0.000000 1.000000
0.000000 1.000000
0.000000 1.000000
0.000000 1.000000
0.000000 1.000000
0.000000 1.000000
0.000000 1.000000
0.851635 -0.773353
0.000000 1.000000
0.645619 -0.443018
0.851496 -0.773321
0.447095 -0.113887
0.000000 1.000000
0.000000 1.000000
0.000000 1.000000
0.000000 1.000000
0.000000 1.000000
0.000000 1.000000
0.000000 1.000000
0.244733 0.263906
0.000000 1.000000
0.000000 1.000000
0.000000 1.000000
0.000000 1.000000
0.000000 1.000000
0.442312 -0.094536
0.138233 0.757098
0.000000 1.000000
0.000000 1.000000
0.000000 1.000000
0.000000 1.000000
0.000000 1.000000
0.648569 -0.451296
0.000000 1.000000
0.000000 1.000000
0.197792 0.568973
0.000000 1.000000
0.000000 1.000000
0.000000 1.000000
0.000000 1.000000
0.000000 1.000000
0.000000 1.000000
0.000000 1.000000
0.000000 1.000000
0.000000 1.000000
0.000000 1.000000
0.848425 -0.768486
0.000000 1.000000
0.000000 1.000000
0.000000 1.000000
0.439417 -0.078240
0.000000 1.000000
0.000000 1.000000
0.000000 1.000000
0.000000 1.000000
0.000000 1.000000
0.643544 -0.432567
0.000000 1.000000
0.000000 1.000000
0.000000 1.000000
0.851166 -0.773182
0.000000 1.000000
0.000000 1.000000
0.000000 1.000000
0.000000 1.000000
0.631423 -0.320822
0.000000 1.000000
0.000000 1.000000
0.000000 1.000000
0.000000 1.000000
0.000000 1.000000
0.000000 1.000000
0.000000 1.000000
0.851498 -0.773322
0.000000 1.000000
0.000000 1.000000
0.000000 1.000000
0.000000 1.000000
0.000000 1.000000
0.000000 1.000000
0.000000 1.000000
0.000000 1.000000
0.000000 1.000000
0.000000 1.000000
0.000000 1.000000
0.000000 1.000000
0.000000 1.000000
0.000000 1.000000
0.000000 1.000000
0.000000 1.000000
0.000000 1.000000
0.852884 -0.772903
0.000000 1.000000
0.850844 -0.772957
0.000000 1.000000
0.000000 1.000000
0.000000 1.000000
0.000000 1.000000
0.000000 1.000000
0.000000 1.000000
0.000000 1.000000
0.063074 0.691027
0.000000 1.000000
0.000000 1.000000
0.000000 1.000000
0.000000 1.000000
0.000000 1.000000
0.000000 1.000000
0.000000 1.000000
0.853433 -0.772288
0.000000 1.000000
0.000000 1.000000
0.000000 1.000000
0.000000 1.000000
0.000000 1.000000
0.000000 1.000000
0.000000 1.000000
0.446658 -0.112524
0.000000 1.000000
0.419206 0.114678
0.000000 1.000000
0.000000 1.000000
0.000000 1.000000
0.234564 0.308161
0.000000 1.000000
0.000000 1.000000
0.849307 -0.770684
0.000000 1.000000
0.206942 0.500317
0.000000 1.000000
0.000000 1.000000
0.000000 1.000000
0.000000 1.000000
0.000000 1.000000
0.000000 1.000000
0.000000 1.000000
0.000000 1.000000
0.000000 1.000000
0.851269 -0.773235
0.000000 1.000000
0.000000 1.000000
0.850509 -0.772619
0.000000 1.000000
0.632905 -0.339357
0.000000 1.000000
0.000000 1.000000
0.067003 0.683481
0.000000 1.000000
0.000000 1.000000
0.000000 1.000000
0.000000 1.000000
0.000000 1.000000
0.000000 1.000000
0.000000 1.000000
0.000000 1.000000
0.000000 1.000000
0.000000 1.000000
0.000000 1.000000
0.000000 1.000000
0.838458 -0.699246
0.000000 1.000000
0.000000 1.000000
0.000000 1.000000
0.000000 1.000000
0.000000 1.000000
0.851884 -0.769635
0.000000 1.000000
0.000000 1.000000
0.000000 1.000000
0.000000 1.000000
0.000000 1.000000
0.000000 1.000000
0.000000 1.000000
0.621072 -0.168481
0.204314 0.522491
0.000000 1.000000
0.650598 -0.457080
0.000000 1.000000
0.000000 1.000000
0.000000 1.000000
0.000000 1.000000
0.000000 1.000000
0.000000 1.000000
0.000000 1.000000
0.451372 -0.122795
0.000000 1.000000
0.000000 1.000000
0.000000 1.000000
0.021013 0.842153
0.000000 1.000000
0.649757 -0.455618
0.626691 -0.257581
0.000000 1.000000
0.000000 1.000000
0.000000 1.000000
0.000000 1.000000
0.000000 1.000000
0.199193 0.558924
0.000000 1.000000
0.000000 1.000000
0.000000 1.000000
0.625306 -0.237155
0.851807 -0.773369
0.000000 1.000000
0.000000 1.000000
0.218767 0.410734
0.000000 1.000000
0.000000 1.000000
0.000000 1.000000
0.000000 1.000000
0.854118 -0.771166
0.000000 1.000000
0.246750 0.258005
0.000000 1.000000
0.000000 1.000000
0.000000 1.000000
0.850407 -0.772512
0.000000 1.000000
0.000000 1.000000
0.851509 -0.773325
0.000000 1.000000
0.851509 -0.773325
0.000000 1.000000
0.000000 1.000000
0.000000 1.000000
0.000000 1.000000
0.000000 1.000000
0.000000 1.000000
0.113794 0.710450
0.000000 1.000000
0.000000 1.000000
0.000000 1.000000
0.851367 -0.773277
0.000000 1.000000
0.000000 1.000000
0.000000 1.000000
0.000000 1.000000
0.000000 1.000000
0.850293 -0.771975
0.000000 1.000000
0.000000 1.000000
0.000000 1.000000
0.000000 1.000000
0.851578 -0.773342
0.000000 1.000000
0.000000 1.000000
0.851915 -0.773366
0.000000 1.000000
0.000000 1.000000
0.000000 1.000000
0.000000 1.000000
0.000000 1.000000
0.000000 1.000000
0.000000 1.000000
0.000000 1.000000
0.000000 1.000000
0.000000 1.000000
0.000000 1.000000
0.000000 1.000000
0.000000 1.000000
0.000000 1.000000
0.000000 1.000000
0.000000 1.000000
0.000000 1.000000
0.000000 1.000000
0.000000 1.000000
0.000000 1.000000
0.000000 1.000000
0.000000 1.000000
0.000000 1.000000
0.100559 0.684655
0.000000 1.000000
0.000000 1.000000
0.000000 1.000000
0.000000 1.000000
0.000000 1.000000
0.000000 1.000000
0.000000 1.000000
0.000000 1.000000
0.850909 -0.771496
0.000000 1.000000
0.000000 1.000000
0.000000 1.000000
0.000000 1.000000
0.000000 1.000000
0.000000 1.000000
0.000000 1.000000
0.000000 1.000000
0.000000 1.000000
0.000000 1.000000
0.000000 1.000000
0.000000 1.000000
0.000000 1.000000
0.000000 1.000000
0.000000 1.000000
0.000000 1.000000
0.000000 1.000000
0.000000 1.000000
0.207081 0.504464
0.000000 1.000000
0.000000 1.000000
0.000000 1.000000
0.000000 1.000000
0.000000 1.000000
0.851821 -0.773324
0.000000 1.000000
0.000000 1.000000
0.000000 1.000000
0.000000 1.000000
0.000000 1.000000
0.853898 -0.771569
0.000000 1.000000
0.000000 1.000000
0.000000 1.000000
0.000000 1.000000
0.000000 1.000000
0.000000 1.000000
0.000000 1.000000
0.193798 0.597499
0.651383 -0.456375
0.000000 1.000000
0.000000 1.000000
0.000000 1.000000
0.080773 0.669918
0.000000 1.000000
0.200219 0.551163
0.000000 1.000000
0.000000 1.000000
0.000000 1.000000
0.629671 -0.298915
0.000000 1.000000
0.000000 1.000000
0.258631 0.242261
0.000000 1.000000
0.000000 1.000000
0.000000 1.000000
0.000000 1.000000
0.000000 1.000000
0.829636 -0.576275
0.000000 1.000000
0.000000 1.000000
0.000000 1.000000
0.000000 1.000000
0.000000 1.000000
0.000000 1.000000
0.652489 -0.458263
0.000000 1.000000
0.000000 1.000000
0.000000 1.000000
0.000000 1.000000
0.000000 1.000000
0.000000 1.000000
0.000000 1.000000
0.411443 0.213816
0.849218 -0.770492
0.000000 1.000000
0.000000 1.000000
0.411827 0.209677
0.000000 1.000000
0.000000 1.000000
0.000000 1.000000
0.000000 1.000000
0.667260 -0.375119
0.000000 1.000000
0.000000 1.000000
0.000000 1.000000
0.852395 -0.773236
0.852713 -0.773042
0.000000 1.000000
0.000000 1.000000
0.000000 1.000000
0.000000 1.000000
0.000000 1.000000
0.187732 0.637298
0.000000 1.000000
0.000000 1.000000
0.424786 0.049901
0.000000 1.000000
0.000000 1.000000
0.457836 -0.120669
0.000000 1.000000
0.852234 -0.773301
0.648720 -0.453157
0.000000 1.000000
0.000000 1.000000
0.000000 1.000000
0.853095 -0.772071
0.000000 1.000000
0.000000 1.000000
0.657249 -0.450987
0.000000 1.000000
0.000000 1.000000
0.000000 1.000000
0.000000 1.000000
0.000000 1.000000
0.000000 1.000000
0.065012 0.693381
0.846149 -0.759828
0.000000 1.000000
0.000000 1.000000
0.851843 -0.773369
0.000000 1.000000
0.000000 1.000000
0.089921 0.672132
0.000000 1.000000
0.000000 1.000000
0.000000 1.000000
0.422793 0.072465
0.000000 1.000000
0.000000 1.000000
0.000000 1.000000
0.000000 1.000000
0.000000 1.000000
0.000000 1.000000
0.449160 -0.119195
0.000000 1.000000
0.000000 1.000000
0.000000 1.000000
0.000000 1.000000
0.000000 1.000000
0.000000 1.000000
0.000000 1.000000
0.000000 1.000000
0.000000 1.000000
0.000000 1.000000
0.000000 1.000000
0.000000 1.000000
0.852041 -0.773351
0.000000 1.000000
0.000000 1.000000
0.000000 1.000000
0.000000 1.000000
0.000000 1.000000
0.000000 1.000000
0.000000 1.000000
0.000000 1.000000
0.850771 -0.772894
0.130761 0.745987
0.000000 1.000000
0.000000 1.000000
0.000000 1.000000
0.000000 1.000000
0.416197 0.152209
0.000000 1.000000
0.000000 1.000000
0.000000 1.000000
0.000000 1.000000
0.000000 1.000000
0.000000 1.000000
0.648792 -0.453800
0.000000 1.000000
0.000000 1.000000
0.000000 1.000000
0.000000 1.000000
0.000000 1.000000
0.000000 1.000000
0.000000 1.000000
0.000000 1.000000
0.000000 1.000000
0.000000 1.000000
0.000000 1.000000
0.000000 1.000000
0.000000 1.000000
0.000000 1.000000
0.000000 1.000000
0.000000 1.000000
0.856400 -0.760736
0.000000 1.000000
0.000000 1.000000
0.000000 1.000000
0.236122 0.300041
0.000000 1.000000
0.443239 -0.099040
0.000000 1.000000
0.259387 0.242510
0.000000 1.000000
0.000000 1.000000
0.000000 1.000000
0.000000 1.000000
0.000000 1.000000
0.000000 1.000000
0.000000 1.000000
0.000000 1.000000
0.000000 1.000000
0.000000 1.000000
0.000000 1.000000
0.000000 1.000000
0.000000 1.000000
0.000000 1.000000
0.000000 1.000000
0.000000 1.000000
0.844337 -0.749885
0.033246 0.788920
0.000000 1.000000
0.000000 1.000000
0.000000 1.000000
0.000000 1.000000
0.851990 -0.773359
0.466663 -0.087294
0.000000 1.000000
0.000000 1.000000
0.083475 0.669664
0.000000 1.000000
0.000000 1.000000
0.851330 -0.773263
0.000000 1.000000
0.000000 1.000000
0.000000 1.000000
0.000000 1.000000
0.000000 1.000000
0.000000 1.000000
0.000000 1.000000
0.000000 1.000000
0.850738 -0.771703
0.000000 1.000000
0.000000 1.000000
0.000000 1.000000
0.000000 1.000000
0.655022 -0.456221
0.000000 1.000000
0.000000 1.000000
0.000000 1.000000
0.000000 1.000000
0.000000 1.000000
0.000000 1.000000
0.000000 1.000000
0.000000 1.000000
0.000000 1.000000
0.000000 1.000000
0.000000 1.000000
0.000000 1.000000
0.000000 1.000000
0.000000 1.000000
0.848409 -0.768439
0.000000 1.000000
0.000000 1.000000
0.000000 1.000000
0.000000 1.000000
0.000000 1.000000
0.000000 1.000000
0.000000 1.000000
0.000000 1.000000
0.000000 1.000000
0.000000 1.000000
0.000000 1.000000
0.000000 1.000000
0.000000 1.000000
0.000000 1.000000
0.000000 1.000000
0.851937 -0.773364
0.000000 1.000000
0.000000 1.000000
0.000000 1.000000
0.000000 1.000000
0.000000 1.000000
0.852733 -0.772606
0.851874 -0.773227
0.000000 1.000000
0.000000 1.000000
0.862985 -0.721143
0.000000 1.000000
0.000000 1.000000
0.000000 1.000000
0.000000 1.000000
0.000000 1.000000
0.000000 1.000000
0.000000 1.000000
0.000000 1.000000
0.000000 1.000000
0.000000 1.000000
0.000000 1.000000
0.000000 1.000000
0.645775 -0.443309
0.039567 0.763626
0.000000 1.000000
0.000000 1.000000
0.000000 1.000000
0.000000 1.000000
0.000000 1.000000
0.000000 1.000000
0.000000 1.000000
0.000000 1.000000
0.000000 1.000000
0.000000 1.000000
0.000000 1.000000
0.853012 -0.772783
0.000000 1.000000
0.000000 1.000000
0.000000 1.000000
0.000000 1.000000
0.000000 1.000000
0.000000 1.000000
0.000000 1.000000
0.645733 -0.443514
0.000000 1.000000
0.000000 1.000000
0.000000 1.000000
0.000000 1.000000
0.000000 1.000000
0.000000 1.000000
0.000000 1.000000
0.000000 1.000000
0.000000 1.000000
0.000000 1.000000
0.000000 1.000000
0.233681 0.312959
0.000000 1.000000
0.000000 1.000000
0.000000 1.000000
0.439161 -0.076636
0.000000 1.000000
0.000000 1.000000
0.000000 1.000000
0.000000 1.000000
0.000000 1.000000
0.000000 1.000000
0.848975 -0.769932
0.000000 1.000000
0.000000 1.000000
0.000000 1.000000
0.000000 1.000000
0.000000 1.000000
0.000000 1.000000
0.000000 1.000000
0.000000 1.000000
0.000000 1.000000
0.000000 1.000000
0.000000 1.000000
0.000000 1.000000
0.629551 -0.297485
0.000000 1.000000
0.000000 1.000000
0.644257 -0.436434
0.000000 1.000000
0.000000 1.000000
0.000000 1.000000
0.000000 1.000000
0.840993 -0.724292
0.248811 0.252554
0.000000 1.000000
0.000000 1.000000
0.186229 0.646534
0.000000 1.000000
0.000000 1.000000
0.000000 1.000000
0.000000 1.000000
0.000000 1.000000
0.000000 1.000000
0.000000 1.000000
0.464147 -0.100329
0.000000 1.000000
0.000000 1.000000
0.000000 1.000000
0.000000 1.000000
0.000000 1.000000
0.000000 1.000000
0.000000 1.000000
0.000000 1.000000
0.000000 1.000000
0.000000 1.000000
0.000000 1.000000
0.000000 1.000000
0.000000 1.000000
0.000000 1.000000
0.000000 1.000000
0.851535 -0.773332
0.000000 1.000000
0.000000 1.000000
0.000000 1.000000
0.852273 -0.773281
0.000000 1.000000
0.000000 1.000000
0.000000 1.000000
0.000000 1.000000
0.000000 1.000000
0.000000 1.000000
0.000000 1.000000
0.000000 1.000000
0.000000 1.000000
0.652425 -0.454707
0.000000 1.000000
0.000000 1.000000
0.000000 1.000000
0.000000 1.000000
0.000000 1.000000
0.000000 1.000000
0.000000 1.000000
0.000000 1.000000
0.000000 1.000000
0.000000 1.000000
0.200376 0.550000
0.000000 1.000000
0.000000 1.000000
0.185106 0.653248
0.454062 -0.124211
0.000000 1.000000
0.000000 1.000000
0.000000 1.000000
0.000000 1.000000
0.000000 1.000000
0.000000 1.000000
0.000000 1.000000
0.851461 -0.773311
0.000000 1.000000
0.000000 1.000000
0.000000 1.000000
0.000000 1.000000
0.000000 1.000000
0.000000 1.000000
0.000000 1.000000
0.000000 1.000000
0.000000 1.000000
0.000000 1.000000
0.851802 -0.773369
0.000000 1.000000
0.000000 1.000000
0.000000 1.000000
0.000000 1.000000
0.000000 1.000000
0.000000 1.000000
0.000000 1.000000
0.000000 1.000000
0.000000 1.000000
0.000000 1.000000
0.000000 1.000000
0.000000 1.000000
0.000000 1.000000
0.618641 -0.128478
0.000000 1.000000
0.000000 1.000000
0.000000 1.000000
0.000000 1.000000
0.852789 -0.772932
0.000000 1.000000
0.000000 1.000000
0.000000 1.000000
0.648830 -0.453892
0.000000 1.000000
0.000000 1.000000
0.000000 1.000000
0.000000 1.000000
0.000000 1.000000
0.000000 1.000000
0.000000 1.000000
0.000000 1.000000
0.000000 1.000000
0.000000 1.000000
0.000000 1.000000
0.849055 -0.770124
0.000000 1.000000
0.203917 0.523397
0.000000 1.000000
0.000000 1.000000
0.000000 1.000000
0.000000 1.000000
0.000000 1.000000
0.000000 1.000000
0.000000 1.000000
0.000000 1.000000
0.000000 1.000000
0.851567 -0.773339
0.000000 1.000000
0.000000 1.000000
0.000000 1.000000
0.441684 -0.091288
0.852694 -0.773056
0.456259 -0.122935
0.000000 1.000000
0.000000 1.000000
0.000000 1.000000
0.000000 1.000000
0.000000 1.000000
0.000000 1.000000
0.000000 1.000000
0.444942 -0.106323
0.077238 0.671439
0.000000 1.000000
0.000000 1.000000
0.000000 1.000000
0.646048 -0.444721
0.000000 1.000000
0.000000 1.000000
0.000000 1.000000
0.851697 -0.773361
0.000000 1.000000
0.000000 1.000000
0.000000 1.000000
0.000000 1.000000
0.000000 1.000000
0.000000 1.000000
0.000000 1.000000
0.000000 1.000000
0.000000 1.000000
0.000000 1.000000
0.000000 1.000000
0.000000 1.000000
0.000000 1.000000
0.844875 -0.753120
0.000000 1.000000
0.000000 1.000000
0.436964 -0.061861
0.643057 -0.429726
0.000000 1.000000
0.000000 1.000000
0.000000 1.000000
0.000000 1.000000
0.000000 1.000000
0.000000 1.000000
0.000000 1.000000
0.647405 -0.449871
0.000000 1.000000
0.000000 1.000000
0.000000 1.000000
0.000000 1.000000
0.000000 1.000000
0.000000 1.000000
0.000000 1.000000
0.000000 1.000000
0.000000 1.000000
0.074536 0.673647
0.000000 1.000000
0.000000 1.000000
0.000000 1.000000
0.000000 1.000000
0.000000 1.000000
0.000000 1.000000
0.000000 1.000000
0.000000 1.000000
0.274794 0.280231
0.000000 1.000000
0.000000 1.000000
0.000000 1.000000
0.000000 1.000000
0.000000 1.000000
0.853322 -0.772433
0.000000 1.000000
0.000000 1.000000
0.000000 1.000000
0.000000 1.000000
0.000000 1.000000
0.652246 -0.458240
0.000000 1.000000
0.000000 1.000000
0.000000 1.000000
0.852571 -0.773139
0.000000 1.000000
0.000000 1.000000
0.649204 -0.454733
0.000000 1.000000
0.000000 1.000000
0.000000 1.000000
0.000000 1.000000
0.000000 1.000000
0.000000 1.000000
0.000000 1.000000
0.000000 1.000000
0.000000 1.000000
0.000000 1.000000
0.000000 1.000000
0.000000 1.000000
0.000000 1.000000
0.000000 1.000000
0.081075 0.669851
0.000000 1.000000
0.000000 1.000000
0.000000 1.000000
0.000000 1.000000
0.000000 1.000000
0.000000 1.000000
0.000000 1.000000
0.000000 1.000000
0.000000 1.000000
0.000000 1.000000
0.000000 1.000000
0.450939 -0.122263
0.000000 1.000000
0.000000 1.000000
0.000000 1.000000
0.000000 1.000000
0.000000 1.000000
0.000000 1.000000
0.000000 1.000000
0.000000 1.000000
0.000000 1.000000
0.000000 1.000000
0.000000 1.000000
0.000000 1.000000
0.000000 1.000000
0.852645 -0.773091
0.000000 1.000000
0.000000 1.000000
0.633955 -0.351315
0.000000 1.000000
0.000000 1.000000
0.000000 1.000000
0.000000 1.000000
0.852130 -0.773016
0.000000 1.000000
0.000000 1.000000
0.000000 1.000000
0.000000 1.000000
0.000000 1.000000
0.000000 1.000000
0.000000 1.000000
0.852545 -0.773155
0.000000 1.000000
0.000000 1.000000
0.000000 1.000000
0.000000 1.000000
0.000000 1.000000
0.000000 1.000000
0.000000 1.000000
0.000000 1.000000
0.000000 1.000000
0.000000 1.000000
0.841865 -0.732057
0.000000 1.000000
0.000000 1.000000
0.000000 1.000000
0.000000 1.000000
0.852200 -0.773312
0.000000 1.000000
0.849474 -0.771027
0.000000 1.000000
0.000000 1.000000
0.000000 1.000000
0.000000 1.000000
0.000000 1.000000
0.000000 1.000000
0.000000 1.000000
0.000000 1.000000
0.849644 -0.771352
0.070824 0.677671
0.000000 1.000000
0.000000 1.000000
0.000000 1.000000
0.000000 1.000000
0.000000 1.000000
0.000000 1.000000
0.000000 1.000000
0.000000 1.000000
0.000000 1.000000
0.000000 1.000000
0.458056 -0.120262
0.856271 -0.765055
0.647701 -0.450805
0.000000 1.000000
0.000000 1.000000
0.000000 1.000000
0.000000 1.000000
0.000000 1.000000
0.000000 1.000000
0.000000 1.000000
0.000000 1.000000
0.000000 1.000000
0.000000 1.000000
0.000000 1.000000
0.000000 1.000000
0.000000 1.000000
0.000000 1.000000
0.000000 1.000000
0.000000 1.000000
0.000000 1.000000
0.000000 1.000000
0.000000 1.000000
0.000000 1.000000
0.000000 1.000000
0.000000 1.000000
0.000000 1.000000
0.000000 1.000000
0.000000 1.000000
0.000000 1.000000
0.000000 1.000000
0.000000 1.000000
0.850908 -0.773005
0.000000 1.000000
0.000000 1.000000
0.000000 1.000000
0.000000 1.000000
0.000000 1.000000
0.000000 1.000000
0.000000 1.000000
0.000000 1.000000
0.000000 1.000000
0.000000 1.000000
0.000000 1.000000
0.000000 1.000000
0.000000 1.000000
0.000000 1.000000
0.000000 1.000000
0.000000 1.000000
0.000000 1.000000
0.000000 1.000000
0.000000 1.000000
0.000000 1.000000
0.000000 1.000000
0.000000 1.000000
0.000000 1.000000
0.000000 1.000000
0.000000 1.000000
0.000000 1.000000
0.000000 1.000000
0.000000 1.000000
0.000000 1.000000
0.000000 1.000000
0.000000 1.000000
0.000000 1.000000
0.000000 1.000000
0.000000 1.000000
0.032276 0.793129
0.000000 1.000000
0.000000 1.000000
0.000000 1.000000
0.000000 1.000000
0.000000 1.000000
0.000000 1.000000
0.000000 1.000000
0.000000 1.000000
0.000000 1.000000
0.000000 1.000000
0.000000 1.000000
0.000000 1.000000
0.000000 1.000000
0.000000 1.000000
0.000000 1.000000
0.022044 0.837451
0.849915 -0.771820
0.000000 1.000000
0.000000 1.000000
0.461915 -0.109572
0.000000 1.000000
0.000000 1.000000
0.000000 1.000000
0.000000 1.000000
0.000000 1.000000
0.000000 1.000000
0.213810 0.447723
0.000000 1.000000
0.832566 -0.623231
0.000000 1.000000
0.634614 -0.358540
0.000000 1.000000
0.000000 1.000000
0.620886 -0.166291
0.000000 1.000000
0.000000 1.000000
0.000000 1.000000
0.665135 -0.406914
0.215288 0.436547
0.852192 -0.773253
0.000000 1.000000
0.000000 1.000000
0.234277 0.309705
0.000000 1.000000
0.000000 1.000000
0.000000 1.000000
0.000000 1.000000
0.000000 1.000000
0.853101 -0.772691
0.000000 1.000000
0.000000 1.000000
0.000000 1.000000
0.000000 1.000000
0.000000 1.000000
0.000000 1.000000
0.000000 1.000000
0.000000 1.000000
0.000000 1.000000
0.851283 -0.773242
0.000000 1.000000
0.000000 1.000000
0.000000 1.000000
0.000000 1.000000
0.000000 1.000000
0.000000 1.000000
0.000000 1.000000
0.000000 1.000000
0.000000 1.000000
0.000000 1.000000
0.000000 1.000000
0.000000 1.000000
0.000000 1.000000
0.000000 1.000000
0.000000 1.000000
0.000000 1.000000
0.000000 1.000000
0.000000 1.000000
0.000000 1.000000
0.206025 0.507333
0.000000 1.000000
0.000000 1.000000
0.450041 -0.120891
0.000000 1.000000
0.000000 1.000000
0.000000 1.000000
0.000000 1.000000
0.000000 1.000000
0.000000 1.000000
0.000000 1.000000
0.000000 1.000000
0.000000 1.000000
0.000000 1.000000
0.000000 1.000000
0.000000 1.000000
0.000000 1.000000
0.000000 1.000000
0.000000 1.000000
0.000000 1.000000
0.000000 1.000000
0.000000 1.000000
0.000000 1.000000
0.000000 1.000000
0.000000 1.000000
0.000000 1.000000
0.000000 1.000000
0.000000 1.000000
0.000000 1.000000
0.454811 -0.124022
0.000000 1.000000
0.000000 1.000000
0.000000 1.000000
0.000000 1.000000
0.000000 1.000000
0.000000 1.000000
0.000000 1.000000
0.000000 1.000000
0.000000 1.000000
0.849907 -0.771807
0.000000 1.000000
0.190097 0.622190
0.000000 1.000000
0.000000 1.000000
0.000000 1.000000
0.000000 1.000000
0.646668 -0.447287
0.851063 -0.773119
0.000000 1.000000
0.000000 1.000000
0.000000 1.000000
0.000000 1.000000
0.000000 1.000000
0.000000 1.000000
0.000000 1.000000
0.000000 1.000000
0.458443 -0.119496
0.000000 1.000000
0.000000 1.000000
0.000000 1.000000
0.000000 1.000000
0.000000 1.000000
0.000000 1.000000
0.430832 -0.011426
0.872804 -0.581193
0.000000 1.000000
0.000000 1.000000
0.000000 1.000000
0.000000 1.000000
0.000000 1.000000
0.000000 1.000000
0.000000 1.000000
0.000000 1.000000
0.000000 1.000000
0.000000 1.000000
0.629719 -0.299720
0.000000 1.000000
0.000000 1.000000
0.000000 1.000000
0.000000 1.000000
0.000000 1.000000
0.000000 1.000000
0.000000 1.000000
0.000000 1.000000
0.000000 1.000000
0.000000 1.000000
0.000000 1.000000
0.000000 1.000000
0.853324 -0.772431
0.000000 1.000000
0.000000 1.000000
0.000000 1.000000
0.852920 -0.772871
0.000000 1.000000
0.000000 1.000000
0.000000 1.000000
0.000000 1.000000
0.000000 1.000000
0.000000 1.000000
0.652972 -0.458195
0.000000 1.000000
0.000000 1.000000
0.000000 1.000000
0.000000 1.000000
0.000000 1.000000
0.000000 1.000000
0.468017 -0.079144
0.000000 1.000000
0.000000 1.000000
0.000000 1.000000
0.000000 1.000000
0.000000 1.000000
0.000000 1.000000
0.851802 -0.772949
0.000000 1.000000
0.000000 1.000000
0.000000 1.000000
0.459734 -0.116442
0.000000 1.000000
0.000000 1.000000
0.000000 1.000000
0.000000 1.000000
0.854130 -0.771056
0.000000 1.000000
0.850801 -0.772920
0.000000 1.000000
0.000000 1.000000
0.000000 1.000000
0.000000 1.000000
0.000000 1.000000
0.000000 1.000000
0.000000 1.000000
0.000000 1.000000
0.000000 1.000000
0.000000 1.000000
0.000000 1.000000
0.000000 1.000000
0.000000 1.000000
0.000000 1.000000
0.082798 0.669655
0.000000 1.000000
0.850519 -0.772293
0.000000 1.000000
0.000000 1.000000
0.000000 1.000000
0.000000 1.000000
0.851564 -0.773339
0.000000 1.000000
0.000000 1.000000
0.000000 1.000000
0.000000 1.000000
0.000000 1.000000
0.000000 1.000000
0.000000 1.000000
0.000000 1.000000
0.000000 1.000000
0.000000 1.000000
0.000000 1.000000
0.000000 1.000000
0.000000 1.000000
0.000000 1.000000
0.000000 1.000000
0.000000 1.000000
0.000000 1.000000
0.000000 1.000000
0.854273 -0.770854
0.000000 1.000000
0.017958 0.856388
0.000000 1.000000
0.000000 1.000000
0.852792 -0.772981
0.000000 1.000000
0.000000 1.000000
0.000000 1.000000
0.000000 1.000000
0.000000 1.000000
0.000000 1.000000
0.000000 1.000000
0.452744 -0.123925
0.000000 1.000000
0.000000 1.000000
0.000000 1.000000
0.000000 1.000000
0.852498 -0.772957
0.000000 1.000000
0.000000 1.000000
0.000000 1.000000
0.000000 1.000000
0.000000 1.000000
0.000000 1.000000
0.851326 -0.773261
0.000000 1.000000
0.000000 1.000000
0.000000 1.000000
0.000000 1.000000
0.234780 0.307012
0.000000 1.000000
0.000000 1.000000
0.000000 1.000000
0.000000 1.000000
0.000000 1.000000
0.000000 1.000000
0.000000 1.000000
0.000000 1.000000
0.114379 0.711730
0.000000 1.000000
0.000000 1.000000
0.000000 1.000000
0.853963 -0.771454
0.000000 1.000000
0.000000 1.000000
0.000000 1.000000
0.000000 1.000000
0.000000 1.000000
0.000000 1.000000
0.000000 1.000000
0.000000 1.000000
0.000000 1.000000
0.000000 1.000000
0.000000 1.000000
0.000000 1.000000
0.853262 -0.772508
0.000000 1.000000
0.000000 1.000000
0.000000 1.000000
0.000000 1.000000
0.000000 1.000000
0.000000 1.000000
0.000000 1.000000
0.000000 1.000000
0.852221 -0.773292
0.000000 1.000000
0.000000 1.000000
0.000000 1.000000
0.000000 1.000000
0.644144 -0.435862
0.000000 1.000000
0.000000 1.000000
0.000000 1.000000
0.000000 1.000000
0.000000 1.000000
0.000000 1.000000
0.000000 1.000000
0.000000 1.000000
0.000000 1.000000
0.000000 1.000000
0.000000 1.000000
0.000000 1.000000
0.000000 1.000000
0.000000 1.000000
0.000000 1.000000
0.000000 1.000000
0.000000 1.000000
0.000000 1.000000
0.000000 1.000000
0.000000 1.000000
0.000000 1.000000
0.000000 1.000000
0.209174 0.483189
0.857002 -0.762097
0.000000 1.000000
0.000000 1.000000
0.196455 0.578604
0.000000 1.000000
0.000000 1.000000
0.000000 1.000000
0.000000 1.000000
0.654369 -0.457146
0.000000 1.000000
0.000000 1.000000
0.000000 1.000000
0.652928 -0.458207
0.000000 1.000000
0.000000 1.000000
0.000000 1.000000
0.000000 1.000000
0.634785 -0.360372
0.000000 1.000000
0.000000 1.000000
0.000000 1.000000
0.000000 1.000000
0.000000 1.000000
0.849422 -0.770923
0.000000 1.000000
0.000000 1.000000
0.000000 1.000000
0.000000 1.000000
0.619960 -0.151148
0.000000 1.000000
0.000000 1.000000
0.000000 1.000000
0.000000 1.000000
0.000000 1.000000
0.000000 1.000000
0.000000 1.000000
0.000000 1.000000
0.242195 0.272915
0.000000 1.000000
0.409402 0.240977
0.000000 1.000000
0.000000 1.000000
0.000000 1.000000
0.000000 1.000000
0.000000 1.000000
0.000000 1.000000
0.852289 -0.773281
0.000000 1.000000
0.000000 1.000000
0.658253 -0.447251
0.000000 1.000000
0.000000 1.000000
0.000000 1.000000
0.000000 1.000000
0.000000 1.000000
0.000000 1.000000
0.000000 1.000000
0.000000 1.000000
0.000000 1.000000
0.000000 1.000000
0.000000 1.000000
0.000000 1.000000
0.000000 1.000000
0.000000 1.000000
0.850998 -0.772347
0.000000 1.000000
0.000000 1.000000
0.000000 1.000000
0.000000 1.000000
0.853083 -0.772710
0.000000 1.000000
0.000000 1.000000
0.000000 1.000000
0.000000 1.000000
0.000000 1.000000
0.000000 1.000000
0.060753 0.696199
0.247875 0.254807
0.000000 1.000000
0.000000 1.000000
0.000000 1.000000
0.000000 1.000000
0.000000 1.000000
0.000000 1.000000
0.000000 1.000000
0.000000 1.000000
0.000000 1.000000
0.848747 -0.769365
0.000000 1.000000
0.000000 1.000000
0.000000 1.000000
0.000000 1.000000
0.000000 1.000000
0.000000 1.000000
0.000000 1.000000
0.000000 1.000000
0.000000 1.000000
0.000000 1.000000
0.000000 1.000000
0.000000 1.000000
0.000000 1.000000
0.000000 1.000000
0.000000 1.000000
0.000000 1.000000
0.851832 -0.773369
0.851798 -0.773369
0.852289 -0.773281
0.000000 1.000000
0.000000 1.000000
0.000000 1.000000
0.000000 1.000000
0.000000 1.000000
0.000000 1.000000
0.000000 1.000000
0.000000 1.000000
0.000000 1.000000
0.850867 -0.772976
0.000000 1.000000
0.000000 1.000000
0.851617 -0.773349
0.000000 1.000000
0.000000 1.000000
0.000000 1.000000
0.000000 1.000000
0.000000 1.000000
0.000000 1.000000
0.000000 1.000000
0.000000 1.000000
0.000000 1.000000
0.000000 1.000000
0.000000 1.000000
0.000000 1.000000
0.000000 1.000000
0.000000 1.000000
0.000000 1.000000
0.000000 1.000000
0.000000 1.000000
0.000000 1.000000
0.000000 1.000000
0.231779 0.323735
0.000000 1.000000
0.643144 -0.430245
0.287004 0.350334
0.000000 1.000000
0.454240 -0.124189
0.000000 1.000000
0.000000 1.000000
0.000000 1.000000
0.000000 1.000000
0.000000 1.000000
0.000000 1.000000
0.000000 1.000000
0.000000 1.000000
0.000000 1.000000
0.000000 1.000000
0.000000 1.000000
0.000000 1.000000
0.000000 1.000000
0.000000 1.000000
0.851964 -0.773362
0.852532 -0.773163
0.441998 -0.092935
0.000000 1.000000
0.000000 1.000000
0.000000 1.000000
0.000000 1.000000
0.851610 -0.773348
0.000000 1.000000
0.000000 1.000000
0.000000 1.000000
0.000000 1.000000
0.000000 1.000000
0.439414 -0.076577
0.000000 1.000000
0.000000 1.000000
0.000000 1.000000
0.000000 1.000000
0.000000 1.000000
0.000000 1.000000
0.000000 1.000000
0.000000 1.000000
0.852961 -0.772832
0.000000 1.000000
0.000000 1.000000
0.000000 1.000000
0.000000 1.000000
0.000000 1.000000
0.000000 1.000000
0.000000 1.000000
0.258649 0.242265
0.000000 1.000000
0.000000 1.000000
0.000000 1.000000
0.638815 -0.394124
0.853735 -0.771842
0.000000 1.000000
0.000000 1.000000
0.000000 1.000000
0.000000 1.000000
0.848345 -0.768157
0.000000 1.000000
0.000000 1.000000
0.000000 1.000000
0.000000 1.000000
0.000000 1.000000
0.853735 -0.771842
0.000000 1.000000
0.000000 1.000000
0.000000 1.000000
0.000000 1.000000
0.000000 1.000000
0.000000 1.000000
0.000000 1.000000
0.000000 1.000000
0.000000 1.000000
0.000000 1.000000
0.000000 1.000000
0.000000 1.000000
0.000000 1.000000
0.000000 1.000000
0.000000 1.000000
0.852064 -0.773258
0.000000 1.000000
0.000000 1.000000
0.000000 1.000000
0.000000 1.000000
0.000000 1.000000
0.000000 1.000000
0.000000 1.000000
0.000000 1.000000
0.000000 1.000000
0.046561 0.737931
0.000000 1.000000
0.000000 1.000000
0.000000 1.000000
0.000000 1.000000
0.000000 1.000000
0.000000 1.000000
0.235754 0.302460
0.000000 1.000000
0.000000 1.000000
0.412548 0.199477
0.071003 0.677436
0.000000 1.000000
0.000000 1.000000
0.000000 1.000000
0.000000 1.000000
0.000000 1.000000
0.000000 1.000000
0.000000 1.000000
0.000000 1.000000
0.852090 -0.773303
0.000000 1.000000
0.069558 0.679446
0.000000 1.000000
0.000000 1.000000
0.000000 1.000000
0.000000 1.000000
0.000000 1.000000
0.663537 -0.418990
0.000000 1.000000
0.000000 1.000000
0.000000 1.000000
0.852430 -0.773219
0.000000 1.000000
0.000000 1.000000
0.000000 1.000000
0.000000 1.000000
0.000000 1.000000
0.000000 1.000000
0.000000 1.000000
0.000000 1.000000
0.000000 1.000000
0.000000 1.000000
0.000000 1.000000
0.000000 1.000000
0.829405 -0.572483
0.000000 1.000000
0.852575 -0.773137
0.000000 1.000000
0.000000 1.000000
0.000000 1.000000
0.634952 -0.362155
0.000000 1.000000
0.000000 1.000000
0.000000 1.000000
0.000000 1.000000
0.000000 1.000000
0.000000 1.000000
0.000000 1.000000
0.000000 1.000000
0.000000 1.000000
0.000000 1.000000
0.850998 -0.773059
0.000000 1.000000
0.000000 1.000000
0.000000 1.000000
0.000000 1.000000
0.000000 1.000000
0.000000 1.000000
0.000000 1.000000
0.852063 -0.773347
0.000000 1.000000
0.000000 1.000000
0.000000 1.000000
0.000000 1.000000
0.182266 0.669500
0.000000 1.000000
0.000000 1.000000
0.000000 1.000000
0.000000 1.000000
0.000000 1.000000
0.257432 0.242517
0.000000 1.000000
0.448730 -0.118247
0.853039 -0.772756
0.852011 -0.773356
0.850646 -0.772775
0.000000 1.000000
0.000000 1.000000
0.000000 1.000000
0.000000 1.000000
0.000000 1.000000
0.230362 0.332147
0.853039 -0.772756
0.000000 1.000000
0.462232 -0.108334
0.000000 1.000000
0.000000 1.000000
0.000000 1.000000
0.000000 1.000000
0.000000 1.000000
0.000000 1.000000
0.000000 1.000000
0.000000 1.000000
0.000000 1.000000
0.000000 1.000000
0.000000 1.000000
0.000000 1.000000
0.000000 1.000000
0.000000 1.000000
0.000000 1.000000
0.000000 1.000000
0.849301 -0.770650
0.000000 1.000000
0.000000 1.000000
0.000000 1.000000
0.000000 1.000000
0.000000 1.000000
0.193538 0.599126
0.000000 1.000000
0.000000 1.000000
0.000000 1.000000
0.056025 0.708279
0.000000 1.000000
0.852478 -0.773194
0.000000 1.000000
0.000000 1.000000
0.852150 -0.773038
0.000000 1.000000
0.000000 1.000000
0.000000 1.000000
0.000000 1.000000
0.000000 1.000000
0.000000 1.000000
0.259289 0.245203
0.000000 1.000000
0.000000 1.000000
0.000000 1.000000
0.265097 0.249290
0.000000 1.000000
0.000000 1.000000
0.082502 0.670749
0.000000 1.000000
0.000000 1.000000
0.000000 1.000000
0.000000 1.000000
0.000000 1.000000
0.851792 -0.773368
0.000000 1.000000
0.000000 1.000000
0.000000 1.000000
0.000000 1.000000
0.844448 -0.750572
0.185633 0.650118
0.000000 1.000000
0.000000 1.000000
0.846604 -0.761531
0.000000 1.000000
0.000000 1.000000
0.000000 1.000000
0.000000 1.000000
0.000000 1.000000
0.000000 1.000000
0.000000 1.000000
0.000000 1.000000
0.849596 -0.771262
0.842190 -0.734673
0.000000 1.000000
0.000000 1.000000
0.000000 1.000000
0.000000 1.000000
0.852078 -0.773344
0.000000 1.000000
0.000000 1.000000
0.000000 1.000000
0.853809 -0.771721
0.186649 0.643990
0.000000 1.000000
0.000000 1.000000
0.000000 1.000000
0.082695 0.671945
0.000000 1.000000
0.000000 1.000000
0.000000 1.000000
0.000000 1.000000
0.000000 1.000000
0.000000 1.000000
0.000000 1.000000
0.000000 1.000000
0.852833 -0.771428
0.000000 1.000000
0.000000 1.000000
0.000000 1.000000
0.000000 1.000000
0.000000 1.000000
0.000000 1.000000
0.000000 1.000000
0.000000 1.000000
0.000000 1.000000
0.000000 1.000000
0.000000 1.000000
0.000000 1.000000
0.000000 1.000000
0.000000 1.000000
0.000000 1.000000
0.000000 1.000000
0.000000 1.000000
0.000000 1.000000
0.861665 -0.732708
0.082397 0.669672
0.000000 1.000000
0.000000 1.000000
0.000000 1.000000
0.000000 1.000000
0.000000 1.000000
0.000000 1.000000
0.000000 1.000000
0.000000 1.000000
0.000000 1.000000
0.000000 1.000000
0.000000 1.000000
0.000000 1.000000
0.000000 1.000000
0.000000 1.000000
0.000000 1.000000
0.000000 1.000000
0.000000 1.000000
0.000000 1.000000
0.000000 1.000000
0.000000 1.000000
0.000000 1.000000
0.000000 1.000000
0.000000 1.000000
0.000000 1.000000
0.000000 1.000000
0.000000 1.000000
0.000000 1.000000
0.000000 1.000000
0.000000 1.000000
0.000000 1.000000
0.000000 1.000000
0.000000 1.000000
0.000000 1.000000
0.000000 1.000000
0.048809 0.730297
0.000000 1.000000
0.000000 1.000000
0.000000 1.000000
0.000000 1.000000
0.000000 1.000000
0.000000 1.000000
0.000000 1.000000
0.000000 1.000000
0.000000 1.000000
0.000000 1.000000
0.855067 -0.768953
0.000000 1.000000
0.000000 1.000000
0.000000 1.000000
0.000000 1.000000
0.000000 1.000000
0.000000 1.000000
0.000000 1.000000
0.000000 1.000000
0.000000 1.000000
0.000000 1.000000
0.000000 1.000000
0.000000 1.000000
0.000000 1.000000
0.225024 0.366412
0.000000 1.000000
0.000000 1.000000
0.000000 1.000000
0.000000 1.000000
0.000000 1.000000
0.000000 1.000000
0.000000 1.000000
0.000000 1.000000
0.000000 1.000000
0.000000 1.000000
0.000000 1.000000
0.000000 1.000000
0.000000 1.000000
0.000000 1.000000
0.848109 -0.767541
0.000000 1.000000
0.000000 1.000000
0.000000 1.000000
0.000000 1.000000
0.000000 1.000000
0.000000 1.000000
0.000000 1.000000
0.000000 1.000000
0.000000 1.000000
0.000000 1.000000
0.000000 1.000000
0.825288 -0.497263
0.851698 -0.773360
0.000000 1.000000
0.000000 1.000000
0.000000 1.000000
0.000000 1.000000
0.000000 1.000000
0.853006 -0.772785
0.000000 1.000000
0.000000 1.000000
0.000000 1.000000
0.000000 1.000000
0.000000 1.000000
0.000000 1.000000
0.000000 1.000000
0.000000 1.000000
0.000000 1.000000
0.000000 1.000000
0.000000 1.000000
0.000000 1.000000
0.000000 1.000000
0.000000 1.000000
0.000000 1.000000
0.000000 1.000000
0.429353 0.006502
0.000000 1.000000
0.000000 1.000000
0.000000 1.000000
0.000000 1.000000
0.000000 1.000000
0.000000 1.000000
0.000000 1.000000
0.000000 1.000000
0.000000 1.000000
0.459256 -0.117661
0.000000 1.000000
0.240395 0.280166
0.000000 1.000000
0.000000 1.000000
0.852799 -0.772975
0.000000 1.000000
0.000000 1.000000
0.000000 1.000000
0.000000 1.000000
0.000000 1.000000
0.000000 1.000000
0.000000 1.000000
0.000000 1.000000
0.852465 -0.773200
0.000000 1.000000
0.000000 1.000000
0.881042 -0.432904
0.000000 1.000000
0.000000 1.000000
0.000000 1.000000
0.846831 -0.762873
0.000000 1.000000
0.000000 1.000000
0.851797 -0.773368
0.000000 1.000000
0.000000 1.000000
0.196709 0.576782
0.000000 1.000000
0.000000 1.000000
0.000000 1.000000
0.000000 1.000000
0.000000 1.000000
0.000000 1.000000
0.215499 0.434950
0.000000 1.000000
0.000000 1.000000
0.000000 1.000000
0.444868 -0.106084
0.187093 0.641256
0.000000 1.000000
0.000000 1.000000
0.249521 0.250986
0.000000 1.000000
0.845979 -0.759011
0.000000 1.000000
0.000000 1.000000
0.852287 -0.773282
0.000000 1.000000
0.000000 1.000000
0.000000 1.000000
0.000000 1.000000
0.652115 -0.457888
0.072416 0.675709
0.000000 1.000000
0.853484 -0.772219
0.000000 1.000000
0.000000 1.000000
0.621378 -0.174918
0.853553 -0.771343
0.000000 1.000000
0.000000 1.000000
0.000000 1.000000
0.000000 1.000000
0.853484 -0.772219
0.000000 1.000000
0.000000 1.000000
0.000000 1.000000
0.059167 0.710462
0.000000 1.000000
0.000000 1.000000
0.000000 1.000000
0.000000 1.000000
0.000000 1.000000
0.014409 0.874305
0.000000 1.000000
0.000000 1.000000
0.000000 1.000000
0.000000 1.000000
0.000000 1.000000
0.000000 1.000000
0.000000 1.000000
0.851070 -0.773124
0.000000 1.000000
0.000000 1.000000
0.000000 1.000000
0.000000 1.000000
0.000000 1.000000
0.000000 1.000000
0.000000 1.000000
0.000000 1.000000
0.000000 1.000000
0.851469 -0.773313
0.849525 -0.771128
0.000000 1.000000
0.000000 1.000000
0.000000 1.000000
0.000000 1.000000
0.000000 1.000000
0.000000 1.000000
0.000000 1.000000
0.849028 -0.770058
0.000000 1.000000
0.851851 -0.773369
0.000000 1.000000
0.000000 1.000000
0.862418 -0.726284
0.000000 1.000000
0.000000 1.000000
0.000000 1.000000
0.000000 1.000000
0.446733 -0.112764
0.000000 1.000000
0.000000 1.000000
0.851851 -0.773369
0.000000 1.000000
0.000000 1.000000
0.000000 1.000000
0.000000 1.000000
0.640896 -0.415417
0.651317 -0.457802
0.077028 0.671572
0.000000 1.000000
0.000000 1.000000
0.000000 1.000000
0.000000 1.000000
0.000000 1.000000
0.000000 1.000000
0.000000 1.000000
0.000000 1.000000
0.000000 1.000000
0.421587 0.086211
0.000000 1.000000
0.000000 1.000000
0.000000 1.000000
0.000000 1.000000
0.000000 1.000000
0.000000 1.000000
0.000000 1.000000
0.850880 -0.772986
0.000000 1.000000
0.000000 1.000000
0.000000 1.000000
0.000000 1.000000
0.000000 1.000000
0.000000 1.000000
0.000000 1.000000
0.843500 -0.744400
0.000000 1.000000
0.000000 1.000000
0.633993 -0.351516
0.851352 -0.773272
0.414142 0.178452
0.000000 1.000000
0.000000 1.000000
0.000000 1.000000
0.000000 1.000000
0.849636 -0.771337
0.000000 1.000000
0.000000 1.000000
0.000000 1.000000
0.000000 1.000000
0.000000 1.000000
0.000000 1.000000
0.000000 1.000000
0.000000 1.000000
0.851555 -0.773336
0.000000 1.000000
0.000000 1.000000
0.000000 1.000000
0.280553 0.309391
0.000000 1.000000
0.000000 1.000000
0.000000 1.000000
0.851081 -0.773130
0.851555 -0.773336
0.000000 1.000000
0.850578 -0.772705
0.000000 1.000000
0.000000 1.000000
0.000000 1.000000
0.000000 1.000000
0.000000 1.000000
0.000000 1.000000
0.000000 1.000000
0.208648 0.487229
0.847614 -0.765893
0.000000 1.000000
0.000000 1.000000
0.855052 -0.768994
0.000000 1.000000
0.000000 1.000000
0.021489 0.839979
0.846225 -0.760188
0.000000 1.000000
0.000000 1.000000
0.000000 1.000000
0.000000 1.000000
0.000000 1.000000
0.000000 1.000000
0.000000 1.000000
0.000000 1.000000
0.000000 1.000000
0.000000 1.000000
0.000000 1.000000
0.208801 0.486055
0.000000 1.000000
0.000000 1.000000
0.000000 1.000000
0.000000 1.000000
0.000000 1.000000
0.000000 1.000000
0.000000 1.000000
0.000000 1.000000
0.000000 1.000000
0.000000 1.000000
0.000000 1.000000
0.000000 1.000000
0.000000 1.000000
0.000000 1.000000
0.647132 -0.448951
0.192391 0.606945
0.422992 0.069972
0.000000 1.000000
0.824501 -0.481823
0.639415 -0.404017
0.850504 -0.772625
0.000000 1.000000
0.000000 1.000000
0.000000 1.000000
0.000000 1.000000
0.000000 1.000000
0.000000 1.000000
0.000000 1.000000
0.000000 1.000000
0.000000 1.000000
0.000000 1.000000
0.000000 1.000000
0.000000 1.000000
0.000000 1.000000
0.000000 1.000000
0.000000 1.000000
0.641017 -0.416294
0.238653 0.287828
0.440841 -0.086675
0.410070 0.232063
0.000000 1.000000
0.851691 -0.773361
0.000000 1.000000
0.000000 1.000000
0.000000 1.000000
0.000000 1.000000
0.000000 1.000000
0.000000 1.000000
0.000000 1.000000
0.000000 1.000000
0.000000 1.000000
0.000000 1.000000
0.000000 1.000000
0.453797 -0.124198
0.000000 1.000000
0.000000 1.000000
0.000000 1.000000
0.000000 1.000000
0.000000 1.000000
0.000000 1.000000
0.000000 1.000000
0.000000 1.000000
0.000000 1.000000
0.000000 1.000000
0.000000 1.000000
0.000000 1.000000
0.000000 1.000000
0.000000 1.000000
0.017513 0.858507
0.000000 1.000000
0.000000 1.000000
0.000000 1.000000
0.000000 1.000000
0.000000 1.000000
0.000000 1.000000
0.000000 1.000000
0.000000 1.000000
0.852549 -0.773140
0.000000 1.000000
0.000000 1.000000
0.000000 1.000000
0.000000 1.000000
0.000000 1.000000
0.000000 1.000000
0.000000 1.000000
0.000000 1.000000
0.000000 1.000000
0.421784 0.083910
0.000000 1.000000
0.000000 1.000000
0.000000 1.000000
0.000000 1.000000
0.000000 1.000000
0.000000 1.000000
0.000000 1.000000
0.000000 1.000000
0.000000 1.000000
0.000000 1.000000
0.000000 1.000000
0.000000 1.000000
0.000000 1.000000
0.000000 1.000000
0.851458 -0.773291
0.000000 1.000000
0.000000 1.000000
0.054897 0.711450
0.000000 1.000000
0.229156 0.339545
0.000000 1.000000
0.000000 1.000000
0.000000 1.000000
0.039512 0.764170
0.000000 1.000000
0.000000 1.000000
0.000000 1.000000
0.000000 1.000000
0.000000 1.000000
0.000000 1.000000
0.000000 1.000000
0.851797 -0.773368
0.000000 1.000000
0.000000 1.000000
0.000000 1.000000
0.000000 1.000000
0.000000 1.000000
0.000000 1.000000
0.000000 1.000000
0.649966 -0.456171
0.000000 1.000000
0.000000 1.000000
0.000000 1.000000
0.000000 1.000000
0.852259 -0.773111
0.000000 1.000000
0.000000 1.000000
0.000000 1.000000
0.067420 0.682773
0.000000 1.000000
0.000000 1.000000
0.000000 1.000000
0.000000 1.000000
0.000000 1.000000
0.000000 1.000000
0.000000 1.000000
0.851336 -0.773265
0.000000 1.000000
0.000000 1.000000
0.000000 1.000000
0.000000 1.000000
0.000000 1.000000
0.000000 1.000000
0.000000 1.000000
0.000000 1.000000
0.000000 1.000000
0.000000 1.000000
0.853677 -0.771934
0.000000 1.000000
0.000000 1.000000
0.000000 1.000000
0.000000 1.000000
0.000000 1.000000
0.000000 1.000000
0.449303 -0.119495
0.000000 1.000000
0.000000 1.000000
0.000000 1.000000
0.851120 -0.773155
0.640504 -0.412527
0.000000 1.000000
0.000000 1.000000
0.000000 1.000000
0.000000 1.000000
0.000000 1.000000
0.000000 1.000000
0.000000 1.000000
0.000000 1.000000
0.000000 1.000000
0.851120 -0.773155
0.000000 1.000000
0.000000 1.000000
0.000000 1.000000
0.000000 1.000000
0.000000 1.000000
0.000000 1.000000
0.000000 1.000000
0.489430 0.140854
0.205279 0.514791
0.651717 -0.458059
0.000000 1.000000
0.000000 1.000000
0.850155 -0.772183
0.000000 1.000000
0.000000 1.000000
0.000000 1.000000
0.000000 1.000000
0.000000 1.000000
0.000000 1.000000
0.660740 -0.436170
0.651266 -0.457762
0.000000 1.000000
0.000000 1.000000
0.837633 -0.690396
0.000000 1.000000
0.000000 1.000000
0.238756 0.287358
0.000000 1.000000
0.851839 -0.773369
0.000000 1.000000
0.000000 1.000000
0.000000 1.000000
0.260019 0.242843
0.000000 1.000000
0.000000 1.000000
0.253136 0.244965
0.000000 1.000000
0.000000 1.000000
0.000000 1.000000
0.000000 1.000000
0.000000 1.000000
0.000000 1.000000
0.000000 1.000000
0.000000 1.000000
0.000000 1.000000
0.000000 1.000000
0.000000 1.000000
0.000000 1.000000
0.852105 -0.773219
0.000000 1.000000
0.852105 -0.773219
0.000000 1.000000
0.000000 1.000000
0.852005 -0.773302
0.000000 1.000000
0.000000 1.000000
0.000000 1.000000
0.000000 1.000000
0.000000 1.000000
0.000000 1.000000
0.852104 -0.773338
0.187099 0.641221
0.000000 1.000000
0.000000 1.000000
0.412900 0.194641
0.000000 1.000000
0.219630 0.404333
0.410091 0.233339
0.000000 1.000000
0.000000 1.000000
0.000000 1.000000
0.850059 -0.772045
0.047733 0.733911
0.851676 -0.772980
0.000000 1.000000
0.649253 -0.454745
0.000000 1.000000
0.000000 1.000000
0.000000 1.000000
0.000000 1.000000
0.090558 0.672601
0.000000 1.000000
0.000000 1.000000
0.000000 1.000000
0.000000 1.000000
0.000000 1.000000
0.000000 1.000000
0.853406 -0.772324
0.000000 1.000000
0.848931 -0.769827
0.851578 -0.773342
0.000000 1.000000
0.000000 1.000000
0.000000 1.000000
0.000000 1.000000
0.000000 1.000000
0.000000 1.000000
0.000000 1.000000
0.000000 1.000000
0.639204 -0.402293
0.000000 1.000000
0.000000 1.000000
0.000000 1.000000
0.853634 -0.770864
0.855345 -0.768163
0.000000 1.000000
0.000000 1.000000
0.000000 1.000000
0.000000 1.000000
0.851663 -0.773357
0.000000 1.000000
0.851905 -0.773367
0.000000 1.000000
0.000000 1.000000
0.000000 1.000000
0.000000 1.000000
0.000000 1.000000
0.000000 1.000000
0.000000 1.000000
0.000000 1.000000
0.000000 1.000000
0.459475 -0.117115
0.000000 1.000000
0.000000 1.000000
0.415232 0.173514
0.421348 0.089018
0.000000 1.000000
0.618656 -0.128739
0.000000 1.000000
0.000000 1.000000
0.853301 -0.772460
0.000000 1.000000
0.000000 1.000000
0.000000 1.000000
0.851301 -0.773203
0.000000 1.000000
0.000000 1.000000
0.000000 1.000000
0.850131 -0.772149
0.851746 -0.773366
0.000000 1.000000
0.000000 1.000000
0.000000 1.000000
0.000000 1.000000
0.000000 1.000000
0.215274 0.436643
0.000000 1.000000
0.000000 1.000000
0.853535 -0.772147
0.000000 1.000000
0.000000 1.000000
0.000000 1.000000
0.000000 1.000000
0.000000 1.000000
0.447812 -0.115941
0.000000 1.000000
0.000000 1.000000
0.000000 1.000000
0.410804 0.222288
0.000000 1.000000
0.000000 1.000000
0.000000 1.000000
0.000000 1.000000
0.442082 -0.093368
0.000000 1.000000
0.000000 1.000000
0.850726 -0.772853
0.000000 1.000000
0.000000 1.000000
0.000000 1.000000
0.000000 1.000000
0.000000 1.000000
0.000000 1.000000
0.000000 1.000000
0.852339 -0.773100
0.000000 1.000000
0.000000 1.000000
0.000000 1.000000
0.000000 1.000000
0.000000 1.000000
0.000000 1.000000
0.000000 1.000000
0.000000 1.000000
0.000000 1.000000
0.000000 1.000000
0.000000 1.000000
0.258275 0.242196
0.000000 1.000000
0.851144 -0.773169
0.000000 1.000000
0.851144 -0.773169
0.000000 1.000000
0.432168 -0.021446
0.000000 1.000000
0.000000 1.000000
0.643867 -0.434365
0.000000 1.000000
0.000000 1.000000
0.000000 1.000000
0.000000 1.000000
0.000000 1.000000
0.000000 1.000000
0.000000 1.000000
0.000000 1.000000
0.229724 0.336033
0.000000 1.000000
0.000000 1.000000
0.000000 1.000000
0.000000 1.000000
0.000000 1.000000
0.852157 -0.773325
0.853497 -0.772201
0.849686 -0.771428
0.000000 1.000000
0.000000 1.000000
0.000000 1.000000
0.000000 1.000000
0.000000 1.000000
0.000000 1.000000
0.000000 1.000000
0.853810 -0.771719
0.000000 1.000000
0.000000 1.000000
0.000000 1.000000
0.000000 1.000000
0.000000 1.000000
0.000000 1.000000
0.852494 -0.773184
0.000000 1.000000
0.000000 1.000000
0.642331 -0.425236
0.000000 1.000000
0.206991 0.499937
0.000000 1.000000
0.265739 0.254156
0.000000 1.000000
0.000000 1.000000
0.000000 1.000000
0.000000 1.000000
0.000000 1.000000
0.000000 1.000000
0.000000 1.000000
0.000000 1.000000
0.000000 1.000000
0.000000 1.000000
0.000000 1.000000
0.854902 -0.769395
0.000000 1.000000
0.000000 1.000000
0.000000 1.000000
0.000000 1.000000
0.000000 1.000000
0.000000 1.000000
0.000000 1.000000
0.000000 1.000000
0.000000 1.000000
0.000000 1.000000
0.020961 0.842394
0.000000 1.000000
0.000000 1.000000
0.648359 -0.452705
0.000000 1.000000
0.000000 1.000000
0.000000 1.000000
0.000000 1.000000
0.000000 1.000000
0.000000 1.000000
0.000000 1.000000
0.000000 1.000000
0.000000 1.000000
0.000000 1.000000
0.000000 1.000000
0.842261 -0.735236
0.000000 1.000000
0.000000 1.000000
0.000000 1.000000
0.850828 -0.771968
0.000000 1.000000
0.000000 1.000000
0.412954 0.193935
0.000000 1.000000
0.000000 1.000000
0.000000 1.000000
0.266864 0.253893
0.000000 1.000000
0.000000 1.000000
0.000000 1.000000
0.000000 1.000000
0.000000 1.000000
0.000000 1.000000
0.000000 1.000000
0.000000 1.000000
0.000000 1.000000
0.000000 1.000000
0.000000 1.000000
0.053508 0.715500
0.000000 1.000000
0.000000 1.000000
0.000000 1.000000
0.000000 1.000000
0.000000 1.000000
0.000000 1.000000
0.850907 -0.773008
0.000000 1.000000
0.000000 1.000000
0.000000 1.000000
0.000000 1.000000
0.851036 -0.772549
0.000000 1.000000
0.000000 1.000000
0.000000 1.000000
0.000000 1.000000
0.205468 0.511595
0.079671 0.670246
0.000000 1.000000
0.851036 -0.772549
0.000000 1.000000
0.853894 -0.771577
0.851263 -0.773232
0.000000 1.000000
0.000000 1.000000
0.000000 1.000000
0.000000 1.000000
0.000000 1.000000
0.000000 1.000000
0.000000 1.000000
0.000000 1.000000
0.000000 1.000000
0.000000 1.000000
0.000000 1.000000
0.000000 1.000000
0.000000 1.000000
0.000000 1.000000
0.000000 1.000000
0.000000 1.000000
0.000000 1.000000
0.000000 1.000000
0.000000 1.000000
0.000000 1.000000
0.848133 -0.767538
0.000000 1.000000
0.000000 1.000000
0.000000 1.000000
0.000000 1.000000
0.081864 0.670234
0.000000 1.000000
0.000000 1.000000
0.000000 1.000000
0.000000 1.000000
0.000000 1.000000
0.852031 -0.773353
0.853062 -0.772731
0.000000 1.000000
0.186779 0.643190
0.077220 0.671450
0.000000 1.000000
0.851873 -0.771132
0.000000 1.000000
0.000000 1.000000
0.000000 1.000000
0.000000 1.000000
0.852031 -0.773353
0.000000 1.000000
0.000000 1.000000
0.000000 1.000000
0.423339 0.066030
0.000000 1.000000
0.000000 1.000000
0.000000 1.000000
0.000000 1.000000
0.000000 1.000000
0.854874 -0.769466
0.000000 1.000000
0.000000 1.000000
0.852238 -0.773300
0.000000 1.000000
0.000000 1.000000
0.000000 1.000000
0.000000 1.000000
0.027464 0.815088
0.000000 1.000000
0.000000 1.000000
0.000000 1.000000
0.000000 1.000000
0.000000 1.000000
0.000000 1.000000
0.000000 1.000000
0.000000 1.000000
0.000000 1.000000
0.000000 1.000000
0.000000 1.000000
0.000000 1.000000
0.000000 1.000000
0.000000 1.000000
0.191446 0.613541
0.000000 1.000000
0.000000 1.000000
0.000000 1.000000
0.000000 1.000000
0.852442 -0.773212
0.000000 1.000000
0.853218 -0.772560
0.000000 1.000000
0.000000 1.000000
0.436688 -0.059879
0.000000 1.000000
0.848250 -0.767973
0.653658 -0.457838
0.000000 1.000000
0.000000 1.000000
0.853218 -0.772560
0.000000 1.000000
0.000000 1.000000
0.000000 1.000000
0.000000 1.000000
0.000000 1.000000
0.245075 0.265194
0.424929 0.051065
0.000000 1.000000
0.000000 1.000000
0.000000 1.000000
0.000000 1.000000
0.000000 1.000000
0.000000 1.000000
0.000000 1.000000
0.000000 1.000000
0.000000 1.000000
0.000000 1.000000
0.000000 1.000000
0.000000 1.000000
0.853266 -0.772503
0.000000 1.000000
0.000000 1.000000
0.000000 1.000000
0.000000 1.000000
0.000000 1.000000
0.410436 0.227196
0.000000 1.000000
0.000000 1.000000
0.000000 1.000000
0.000000 1.000000
0.116728 0.716904
0.000000 1.000000
0.000000 1.000000
0.000000 1.000000
0.000000 1.000000
0.000000 1.000000
0.453930 -0.124183
0.850562 -0.772689
0.000000 1.000000
0.000000 1.000000
0.000000 1.000000
0.000000 1.000000
0.000000 1.000000
0.000000 1.000000
0.000000 1.000000
0.179609 0.687272
0.000000 1.000000
0.000000 1.000000
0.000000 1.000000
0.829370 -0.571435
0.000000 1.000000
0.836799 -0.680630
0.000000 1.000000
0.000000 1.000000
0.000000 1.000000
0.000000 1.000000
0.000000 1.000000
0.000000 1.000000
0.000000 1.000000
0.000000 1.000000
0.000000 1.000000
0.000000 1.000000
0.000000 1.000000
0.000000 1.000000
0.655804 -0.454749
0.000000 1.000000
0.000000 1.000000
0.000000 1.000000
0.000000 1.000000
0.000000 1.000000
0.000000 1.000000
0.000000 1.000000
0.000000 1.000000
0.000000 1.000000
0.000000 1.000000
0.000000 1.000000
0.000000 1.000000
0.000000 1.000000
0.000000 1.000000
0.196973 0.574888
0.000000 1.000000
0.000000 1.000000
0.000000 1.000000
0.009213 0.901384
0.000000 1.000000
0.000000 1.000000
0.000000 1.000000
0.000000 1.000000
0.105491 0.693313
0.418272 0.126135
0.000000 1.000000
0.000000 1.000000
0.000000 1.000000
0.000000 1.000000
0.000000 1.000000
0.000000 1.000000
0.000000 1.000000
0.000000 1.000000
0.000000 1.000000
0.000000 1.000000
0.000000 1.000000
0.000000 1.000000
0.000000 1.000000
0.000000 1.000000
0.000000 1.000000
0.000000 1.000000
0.851717 -0.773363
0.000000 1.000000
0.000000 1.000000
0.000000 1.000000
0.000000 1.000000
0.000000 1.000000
0.000000 1.000000
0.850024 -0.771867
0.841847 -0.731905
0.000000 1.000000
0.000000 1.000000
0.203235 0.528566
0.000000 1.000000
0.000000 1.000000
0.000000 1.000000
0.850240 -0.772300
0.000000 1.000000
0.000000 1.000000
0.257569 0.242251
0.000000 1.000000
0.000000 1.000000
0.000000 1.000000
0.851891 -0.773368
0.000000 1.000000
0.000000 1.000000
0.000000 1.000000
0.000000 1.000000
0.837771 -0.691994
0.000000 1.000000
0.853224 -0.772553
0.255998 0.242616
0.000000 1.000000
0.856051 -0.765861
0.000000 1.000000
0.000000 1.000000
0.000000 1.000000
0.000000 1.000000
0.000000 1.000000
0.000000 1.000000
0.000000 1.000000
0.000000 1.000000
0.000000 1.000000
0.000000 1.000000
0.000000 1.000000
0.000000 1.000000
0.000000 1.000000
0.000000 1.000000
0.000000 1.000000
0.000000 1.000000
0.000000 1.000000
0.000000 1.000000
0.000000 1.000000
0.000000 1.000000
0.000000 1.000000
0.031814 0.794873
0.000000 1.000000
0.000000 1.000000
0.000000 1.000000
0.000000 1.000000
0.000000 1.000000
0.851946 -0.773364
0.000000 1.000000
0.000000 1.000000
0.221297 0.392316
0.000000 1.000000
0.000000 1.000000
0.000000 1.000000
0.000000 1.000000
0.000000 1.000000
0.000000 1.000000
0.000000 1.000000
0.000000 1.000000
0.000000 1.000000
0.000000 1.000000
0.000000 1.000000
0.000000 1.000000
0.000000 1.000000
0.000000 1.000000
0.000000 1.000000
0.000000 1.000000
0.000000 1.000000
0.850401 -0.772259
0.000000 1.000000
0.000000 1.000000
0.000000 1.000000
0.000000 1.000000
0.000000 1.000000
0.000000 1.000000
0.000000 1.000000
0.000000 1.000000
0.196812 0.576044
0.000000 1.000000
0.628655 -0.282956
0.000000 1.000000
0.000000 1.000000
0.000000 1.000000
0.000000 1.000000
0.000000 1.000000
0.000000 1.000000
0.000000 1.000000
0.000000 1.000000
0.000000 1.000000
0.000000 1.000000
0.000000 1.000000
0.000000 1.000000
0.000000 1.000000
0.000000 1.000000
0.000000 1.000000
0.000000 1.000000
0.000000 1.000000
0.000000 1.000000
0.000000 1.000000
0.000000 1.000000
0.000000 1.000000
0.851169 -0.773077
0.452258 -0.123622
0.000000 1.000000
0.000000 1.000000
0.000000 1.000000
0.000000 1.000000
0.000000 1.000000
0.000000 1.000000
0.000000 1.000000
0.000000 1.000000
0.853326 -0.772429
0.000000 1.000000
0.000000 1.000000
0.452121 -0.123517
0.000000 1.000000
0.449763 -0.120033
0.000000 1.000000
0.000000 1.000000
0.000000 1.000000
0.000000 1.000000
0.000000 1.000000
0.000000 1.000000
0.000000 1.000000
0.000000 1.000000
0.000000 1.000000
0.000000 1.000000
0.000000 1.000000
0.000000 1.000000
0.073338 0.674696
0.000000 1.000000
0.000000 1.000000
0.000000 1.000000
0.000000 1.000000
0.000000 1.000000
0.449763 -0.120033
0.000000 1.000000
0.000000 1.000000
0.000000 1.000000
0.000000 1.000000
0.000000 1.000000
0.000000 1.000000
0.000000 1.000000
0.000000 1.000000
0.000000 1.000000
0.000000 1.000000
0.000000 1.000000
0.000000 1.000000
0.000000 1.000000
0.851145 -0.773170
0.000000 1.000000
0.000000 1.000000
0.000000 1.000000
0.000000 1.000000
0.000000 1.000000
0.000000 1.000000
0.000000 1.000000
0.000000 1.000000
0.000000 1.000000
0.000000 1.000000
0.000000 1.000000
0.000000 1.000000
0.000000 1.000000
0.000000 1.000000
0.849856 -0.771724
0.000000 1.000000
0.447864 -0.116083
0.000000 1.000000
0.000000 1.000000
0.000000 1.000000
0.000000 1.000000
0.251074 0.247996
0.000000 1.000000
0.000000 1.000000
0.000000 1.000000
0.434484 -0.043031
0.000000 1.000000
0.251949 0.246578
0.000000 1.000000
0.000000 1.000000
0.000000 1.000000
0.000000 1.000000
0.000000 1.000000
0.000000 1.000000
0.000000 1.000000
0.000000 1.000000
0.000000 1.000000
0.000000 1.000000
0.000000 1.000000
0.000000 1.000000
0.000000 1.000000
0.000000 1.000000
0.000000 1.000000
0.000000 1.000000
0.000000 1.000000
0.000000 1.000000
0.000000 1.000000
0.000000 1.000000
0.000000 1.000000
0.000000 1.000000
0.000000 1.000000
0.000000 1.000000
0.000000 1.000000
0.000000 1.000000
0.000000 1.000000
0.000000 1.000000
0.000000 1.000000
0.851063 -0.773119
0.854437 -0.770506
0.000000 1.000000
0.000000 1.000000
0.000000 1.000000
0.000000 1.000000
0.000000 1.000000
0.852046 -0.773350
0.000000 1.000000
0.000000 1.000000
0.000000 1.000000
0.254055 0.243965
0.000000 1.000000
0.000000 1.000000
0.000000 1.000000
0.000000 1.000000
0.000000 1.000000
0.000000 1.000000
0.082637 0.669660
0.000000 1.000000
0.000000 1.000000
0.000000 1.000000
0.000000 1.000000
0.000000 1.000000
0.000000 1.000000
0.000000 1.000000
0.000000 1.000000
0.196255 0.580049
0.000000 1.000000
0.000000 1.000000
0.000000 1.000000
0.000000 1.000000
0.000000 1.000000
0.042561 0.752294
0.000000 1.000000
0.000000 1.000000
0.000000 1.000000
0.000000 1.000000
0.000000 1.000000
0.000000 1.000000
0.000000 1.000000
0.826818 -0.526221
0.000000 1.000000
0.000000 1.000000
0.851673 -0.773322
0.000000 1.000000
0.000000 1.000000
0.000000 1.000000
0.000000 1.000000
0.000000 1.000000
0.000000 1.000000
0.000000 1.000000
0.000000 1.000000
0.000000 1.000000
0.000000 1.000000
0.000000 1.000000
0.000000 1.000000
0.000000 1.000000
0.000000 1.000000
0.000000 1.000000
0.417364 0.140608
0.000000 1.000000
0.000000 1.000000
0.000000 1.000000
0.850772 -0.772436
0.000000 1.000000
0.000000 1.000000
0.000000 1.000000
0.000000 1.000000
0.852678 -0.773068
0.000000 1.000000
0.000000 1.000000
0.252780 0.245412
0.000000 1.000000
0.852368 -0.773200
0.000000 1.000000
0.000000 1.000000
0.000000 1.000000
0.000000 1.000000
0.000000 1.000000
0.850375 -0.772473
0.000000 1.000000
0.000000 1.000000
0.263010 0.245809
0.000000 1.000000
0.849601 -0.771272
0.000000 1.000000
0.000000 1.000000
0.000000 1.000000
0.000000 1.000000
0.238068 0.290543
0.437186 -0.063440
0.000000 1.000000
0.851769 -0.773367
0.000000 1.000000
0.000000 1.000000
0.000000 1.000000
0.000000 1.000000
0.000000 1.000000
0.000000 1.000000
0.640037 -0.408962
0.000000 1.000000
0.000000 1.000000
0.000000 1.000000
0.000000 1.000000
0.000000 1.000000
0.642780 -0.428052
0.000000 1.000000
0.254925 0.243219
0.000000 1.000000
0.000000 1.000000
0.000000 1.000000
0.000000 1.000000
0.000000 1.000000
0.000000 1.000000
0.000000 1.000000
0.191920 0.610107
0.000000 1.000000
0.000000 1.000000
0.000000 1.000000
0.851619 -0.773350
0.000000 1.000000
0.000000 1.000000
0.000000 1.000000
0.000000 1.000000
0.000000 1.000000
0.000000 1.000000
0.000000 1.000000
0.000000 1.000000
0.000000 1.000000
0.000000 1.000000
0.000000 1.000000
0.000000 1.000000
0.000000 1.000000
0.213258 0.451948
0.000000 1.000000
0.000000 1.000000
0.000000 1.000000
0.000000 1.000000
0.000000 1.000000
0.453678 -0.124209
0.000000 1.000000
0.848522 -0.766640
0.000000 1.000000
0.000000 1.000000
0.000000 1.000000
0.000000 1.000000
0.000000 1.000000
0.000000 1.000000
0.000000 1.000000
0.000000 1.000000
0.000000 1.000000
0.000000 1.000000
0.000000 1.000000
0.000000 1.000000
0.000000 1.000000
0.000000 1.000000
0.000000 1.000000
0.000000 1.000000
0.000000 1.000000
0.000000 1.000000
0.000000 1.000000
0.000000 1.000000
0.000000 1.000000
0.000000 1.000000
0.000000 1.000000
0.000000 1.000000
0.000000 1.000000
0.000000 1.000000
0.000000 1.000000
0.000000 1.000000
0.000000 1.000000
0.000000 1.000000
0.851848 -0.772706
0.000000 1.000000
0.000000 1.000000
0.000000 1.000000
0.000000 1.000000
0.000000 1.000000
0.000000 1.000000
0.000000 1.000000
0.000000 1.000000
0.000000 1.000000
0.000000 1.000000
0.000000 1.000000
0.000000 1.000000
0.000000 1.000000
0.000000 1.000000
0.000000 1.000000
0.000000 1.000000
0.000000 1.000000
0.000000 1.000000
0.851853 -0.773369
0.000000 1.000000
0.000000 1.000000
0.000000 1.000000
0.000000 1.000000
0.000000 1.000000
0.054045 0.713914
0.000000 1.000000
0.000000 1.000000
0.000000 1.000000
0.254814 0.243304
0.000000 1.000000
0.000000 1.000000
0.000000 1.000000
0.214472 0.442955
0.000000 1.000000
0.852893 -0.772895
0.000000 1.000000
0.000000 1.000000
0.017346 0.859305
0.215466 0.435195
0.000000 1.000000
0.000000 1.000000
0.000000 1.000000
0.000000 1.000000
0.000000 1.000000
0.196282 0.580911
0.000000 1.000000
0.000000 1.000000
0.000000 1.000000
0.852225 -0.773304
0.000000 1.000000
0.000000 1.000000
0.852836 -0.772944
0.000000 1.000000
0.000000 1.000000
0.000000 1.000000
0.000000 1.000000
0.850821 -0.772888
0.000000 1.000000
0.000000 1.000000
0.000000 1.000000
0.000000 1.000000
0.849892 -0.771749
0.000000 1.000000
0.849865 -0.771247
0.000000 1.000000
0.000000 1.000000
0.000000 1.000000
0.000000 1.000000
0.000000 1.000000
0.000000 1.000000
0.000000 1.000000
0.656830 -0.452089
0.000000 1.000000
0.000000 1.000000
0.000000 1.000000
0.000000 1.000000
0.000000 1.000000
0.000000 1.000000
0.041324 0.756917
0.851130 -0.773050
0.000000 1.000000
0.000000 1.000000
0.850966 -0.771731
0.000000 1.000000
0.000000 1.000000
0.000000 1.000000
0.000000 1.000000
0.000000 1.000000
0.000000 1.000000
0.000000 1.000000
0.000000 1.000000
0.000000 1.000000
0.000000 1.000000
0.000000 1.000000
0.000000 1.000000
0.000000 1.000000
0.000000 1.000000
0.000000 1.000000
0.000000 1.000000
0.000000 1.000000
0.000000 1.000000
0.000000 1.000000
0.000000 1.000000
0.852568 -0.773141
0.000000 1.000000
0.000000 1.000000
0.000000 1.000000
0.000000 1.000000
0.000000 1.000000
0.000000 1.000000
0.000000 1.000000
0.000000 1.000000
0.000000 1.000000
0.195774 0.583661
0.000000 1.000000
0.000000 1.000000
0.000000 1.000000
0.000000 1.000000
0.000000 1.000000
0.000000 1.000000
0.000000 1.000000
0.000000 1.000000
0.208949 0.487981
0.000000 1.000000
0.000000 1.000000
0.000000 1.000000
0.000000 1.000000
0.427725 0.018792
0.000000 1.000000
0.000000 1.000000
0.000000 1.000000
0.000000 1.000000
0.000000 1.000000
0.000000 1.000000
0.850178 -0.772215
0.000000 1.000000
0.000000 1.000000
0.000000 1.000000
0.000000 1.000000
0.000000 1.000000
0.000000 1.000000
0.411802 0.209142
0.000000 1.000000
0.000000 1.000000
0.000000 1.000000
0.000000 1.000000
0.000000 1.000000
0.000000 1.000000
0.000000 1.000000
0.000000 1.000000
0.000000 1.000000
0.000000 1.000000
0.000000 1.000000
0.000000 1.000000
0.000000 1.000000
0.000000 1.000000
0.000000 1.000000
0.000000 1.000000
0.000000 1.000000
0.851815 -0.773369
0.000000 1.000000
0.851084 -0.773133
0.000000 1.000000
0.000000 1.000000
0.000000 1.000000
0.000000 1.000000
0.000000 1.000000
0.000000 1.000000
0.000000 1.000000
0.000000 1.000000
0.419972 0.105392
0.000000 1.000000
0.000000 1.000000
0.000000 1.000000
0.000000 1.000000
0.000000 1.000000
0.855153 -0.768717
0.000000 1.000000
0.000000 1.000000
0.000000 1.000000
0.000000 1.000000
0.000000 1.000000
0.852674 -0.773070
0.000000 1.000000
0.000000 1.000000
0.000000 1.000000
0.848879 -0.769698
0.000000 1.000000
0.000000 1.000000
0.445748 -0.109422
0.000000 1.000000
0.649251 -0.454833
0.000000 1.000000
0.000000 1.000000
0.000000 1.000000
0.000000 1.000000
0.000000 1.000000
0.852038 -0.773351
0.000000 1.000000
0.000000 1.000000
0.000000 1.000000
0.853943 -0.771491
0.851549 -0.773335
0.000000 1.000000
0.000000 1.000000
0.000000 1.000000
0.000000 1.000000
0.417740 0.134522
0.000000 1.000000
0.000000 1.000000
0.000000 1.000000
0.000000 1.000000
0.000000 1.000000
0.852118 -0.773335
0.000000 1.000000
0.000000 1.000000
0.000000 1.000000
0.233854 0.312005
0.000000 1.000000
0.000000 1.000000
0.000000 1.000000
0.000000 1.000000
0.000000 1.000000
0.000000 1.000000
0.000000 1.000000
0.000000 1.000000
0.000000 1.000000
0.000000 1.000000
0.000000 1.000000
0.000000 1.000000
0.000000 1.000000
0.000000 1.000000
0.000000 1.000000
0.000000 1.000000
0.000000 1.000000
0.000000 1.000000
0.000000 1.000000
0.000000 1.000000
0.619007 -0.134812
0.000000 1.000000
0.000000 1.000000
0.000000 1.000000
0.851986 -0.773359
0.000000 1.000000
0.000000 1.000000
0.000000 1.000000
0.849933 -0.771849
0.000000 1.000000
0.000000 1.000000
0.000000 1.000000
0.000000 1.000000
0.000000 1.000000
0.851357 -0.773274
0.000000 1.000000
0.000000 1.000000
0.859941 -0.745675
0.000000 1.000000
0.000000 1.000000
0.000000 1.000000
0.000000 1.000000
0.650191 -0.456523
0.000000 1.000000
0.000000 1.000000
0.000000 1.000000
0.034954 0.783949
0.000000 1.000000
0.000000 1.000000
0.089603 0.671913
0.839928 -0.714710
0.000000 1.000000
0.000000 1.000000
0.852423 -0.773222
0.000000 1.000000
0.852506 -0.773178
0.000000 1.000000
0.000000 1.000000
0.000000 1.000000
0.000000 1.000000
0.000000 1.000000
0.000000 1.000000
0.000000 1.000000
0.000000 1.000000
0.000000 1.000000
0.850988 -0.773062
0.000000 1.000000
0.000000 1.000000
0.000000 1.000000
0.000000 1.000000
0.849860 -0.771730
0.000000 1.000000
0.451777 -0.123211
0.000000 1.000000
0.066507 0.684347
0.000000 1.000000
0.423616 0.062901
0.000000 1.000000
0.000000 1.000000
0.000000 1.000000
0.000000 1.000000
0.000000 1.000000
0.000000 1.000000
0.000000 1.000000
0.000000 1.000000
0.000000 1.000000
0.000000 1.000000
0.000000 1.000000
0.672840 -0.315228
0.000000 1.000000
0.000000 1.000000
0.832007 -0.613998
0.000000 1.000000
0.000000 1.000000
0.415302 0.163511
0.000000 1.000000
0.417608 0.134367
0.000000 1.000000
0.852990 -0.772804
0.000000 1.000000
0.000000 1.000000
0.000000 1.000000
0.000000 1.000000
0.638980 -0.400428
0.000000 1.000000
0.000000 1.000000
0.000000 1.000000
0.000000 1.000000
0.000000 1.000000
0.000000 1.000000
0.000000 1.000000
0.000000 1.000000
0.000000 1.000000
0.000000 1.000000
0.000000 1.000000
0.000000 1.000000
0.429738 -0.001120
0.000000 1.000000
0.000000 1.000000
0.000000 1.000000
0.000000 1.000000
0.000000 1.000000
0.000000 1.000000
0.851337 -0.773265
0.000000 1.000000
0.852284 -0.773283
0.429249 0.003607
0.000000 1.000000
0.000000 1.000000
0.000000 1.000000
0.652238 -0.458239
0.000000 1.000000
0.000000 1.000000
0.000000 1.000000
0.000000 1.000000
0.000000 1.000000
0.000000 1.000000
0.000000 1.000000
0.000000 1.000000
0.000000 1.000000
0.000000 1.000000
0.000000 1.000000
0.852530 -0.773164
0.000000 1.000000
0.000000 1.000000
0.000000 1.000000
0.851594 -0.773345
0.000000 1.000000
0.057701 0.703770
0.000000 1.000000
0.000000 1.000000
0.000000 1.000000
0.000000 1.000000
0.000000 1.000000
0.000000 1.000000
0.000000 1.000000
0.000000 1.000000
0.000000 1.000000
0.000000 1.000000
0.000000 1.000000
0.000000 1.000000
0.000000 1.000000
0.000000 1.000000
0.000000 1.000000
0.000000 1.000000
0.000000 1.000000
0.000000 1.000000
0.000000 1.000000
0.000000 1.000000
0.000000 1.000000
0.000000 1.000000
0.000000 1.000000
0.000000 1.000000
0.000000 1.000000
0.000000 1.000000
0.000000 1.000000
0.000000 1.000000
0.000000 1.000000
0.000000 1.000000
0.000000 1.000000
0.000000 1.000000
0.000000 1.000000
0.000000 1.000000
0.000000 1.000000
0.000000 1.000000
0.000000 1.000000
0.000000 1.000000
0.000000 1.000000
0.852148 -0.773327
0.000000 1.000000
0.204103 0.531967
0.000000 1.000000
0.000000 1.000000
0.000000 1.000000
0.000000 1.000000
0.000000 1.000000
0.000000 1.000000
0.849726 -0.771501
0.218437 0.413059
0.079085 0.670475
0.000000 1.000000
0.000000 1.000000
0.000000 1.000000
0.000000 1.000000
0.000000 1.000000
0.000000 1.000000
0.000000 1.000000
0.000000 1.000000
0.000000 1.000000
0.000000 1.000000
0.000000 1.000000
0.000000 1.000000
0.000000 1.000000
0.000000 1.000000
0.841469 -0.728656
0.119877 0.724038
0.000000 1.000000
0.000000 1.000000
0.000000 1.000000
0.000000 1.000000
0.000000 1.000000
0.000000 1.000000
0.000000 1.000000
0.000000 1.000000
0.452205 -0.123476
0.000000 1.000000
0.000000 1.000000
0.000000 1.000000
0.000000 1.000000
0.000000 1.000000
0.847508 -0.765515
0.851547 -0.773335
0.646690 -0.446981
0.000000 1.000000
0.000000 1.000000
0.000000 1.000000
0.000000 1.000000
0.000000 1.000000
0.000000 1.000000
0.000000 1.000000
0.000000 1.000000
0.852344 -0.773252
0.000000 1.000000
0.000000 1.000000
0.851490 -0.772999
0.000000 1.000000
0.000000 1.000000
0.000000 1.000000
0.000000 1.000000
0.000000 1.000000
0.000000 1.000000
0.852941 -0.771922
0.000000 1.000000
0.000000 1.000000
0.000000 1.000000
0.000000 1.000000
0.646598 -0.446993
0.852059 -0.773348
0.823458 -0.460705
0.000000 1.000000
0.850722 -0.772849
0.000000 1.000000
0.000000 1.000000
0.652400 -0.457671
0.450893 -0.122201
0.000000 1.000000
0.000000 1.000000
0.000000 1.000000
0.000000 1.000000
0.850722 -0.772849
0.438351 -0.071406
0.000000 1.000000
0.200523 0.548909
0.000000 1.000000
0.000000 1.000000
0.000000 1.000000
0.000000 1.000000
0.000000 1.000000
0.000000 1.000000
0.000000 1.000000
0.000000 1.000000
0.000000 1.000000
0.000000 1.000000
0.000000 1.000000
0.000000 1.000000
0.000000 1.000000
0.000000 1.000000
0.000000 1.000000
0.000000 1.000000
0.000000 1.000000
0.000000 1.000000
0.000000 1.000000
0.000000 1.000000
0.000000 1.000000
0.000000 1.000000
0.852396 -0.773235
0.000000 1.000000
0.850945 -0.773037
0.000000 1.000000
0.000000 1.000000
0.851638 -0.773353
0.000000 1.000000
0.000000 1.000000
0.000000 1.000000
0.000000 1.000000
0.000000 1.000000
0.652612 -0.458260
0.000000 1.000000
0.000000 1.000000
0.000000 1.000000
0.000000 1.000000
0.000000 1.000000
0.000000 1.000000
0.000000 1.000000
0.000000 1.000000
0.000000 1.000000
0.000000 1.000000
0.000000 1.000000
0.000000 1.000000
0.851501 -0.773318
0.000000 1.000000
0.000000 1.000000
0.000000 1.000000
0.000000 1.000000
0.000000 1.000000
0.000000 1.000000
0.000000 1.000000
0.000000 1.000000
0.000000 1.000000
0.000000 1.000000
0.000000 1.000000
0.000000 1.000000
0.000000 1.000000
0.000000 1.000000
0.000000 1.000000
0.000000 1.000000
0.000000 1.000000
0.000000 1.000000
0.000000 1.000000
0.000000 1.000000
0.000000 1.000000
0.000000 1.000000
0.000000 1.000000
0.000000 1.000000
0.000000 1.000000
0.000000 1.000000
0.000000 1.000000
0.000000 1.000000
0.000000 1.000000
0.000000 1.000000
0.000000 1.000000
0.000000 1.000000
0.000000 1.000000
0.000000 1.000000
0.000000 1.000000
0.000000 1.000000
0.000000 1.000000
0.184213 0.658464
0.000000 1.000000
0.000000 1.000000
0.000000 1.000000
0.000000 1.000000
0.000000 1.000000
0.000000 1.000000
0.000000 1.000000
0.000000 1.000000
0.000000 1.000000
0.000000 1.000000
0.449876 -0.120601
0.000000 1.000000
0.000000 1.000000
0.000000 1.000000
0.000000 1.000000
0.000000 1.000000
0.000000 1.000000
0.000000 1.000000
0.000000 1.000000
0.000000 1.000000
0.851222 -0.773211
0.244177 0.273713
0.000000 1.000000
0.000000 1.000000
0.000000 1.000000
0.000000 1.000000
0.000000 1.000000
0.000000 1.000000
0.000000 1.000000
0.000000 1.000000
0.000000 1.000000
0.000000 1.000000
0.000000 1.000000
0.852619 -0.773108
0.000000 1.000000
0.000000 1.000000
0.000000 1.000000
0.000000 1.000000
0.000000 1.000000
0.000000 1.000000
0.431266 -0.015414
0.000000 1.000000
0.852619 -0.773108
0.000000 1.000000
0.455641 -0.123501
0.850980 -0.772941
0.000000 1.000000
0.420238 0.105966
0.000000 1.000000
0.000000 1.000000
0.000000 1.000000
0.646553 -0.446850
0.000000 1.000000
0.000000 1.000000
0.000000 1.000000
0.000000 1.000000
0.000000 1.000000
0.000000 1.000000
0.658985 -0.444290
0.000000 1.000000
0.000000 1.000000
0.000000 1.000000
0.851831 -0.773369
0.000000 1.000000
0.000000 1.000000
0.000000 1.000000
0.000000 1.000000
0.000000 1.000000
0.408036 0.259329
0.000000 1.000000
0.000000 1.000000
0.000000 1.000000
0.000000 1.000000
0.000000 1.000000
0.000000 1.000000
0.000000 1.000000
0.000000 1.000000
0.000000 1.000000
0.000000 1.000000
0.000000 1.000000
0.000000 1.000000
0.000000 1.000000
0.000000 1.000000
0.853715 -0.771874
0.000000 1.000000
0.000000 1.000000
0.000000 1.000000
0.000000 1.000000
0.685562 -0.128392
0.000000 1.000000
0.449002 -0.118857
0.855609 -0.767351
0.000000 1.000000
0.000000 1.000000
0.000000 1.000000
0.000000 1.000000
0.000000 1.000000
0.000000 1.000000
0.000000 1.000000
0.853332 -0.772421
0.000000 1.000000
0.000000 1.000000
0.000000 1.000000
0.000000 1.000000
0.000000 1.000000
0.851890 -0.773057
0.000000 1.000000
0.000000 1.000000
0.000000 1.000000
0.451501 -0.122605
0.000000 1.000000
0.000000 1.000000
0.000000 1.000000
0.853171 -0.772157
0.000000 1.000000
0.050959 0.723323
0.061082 0.695435
0.660326 -0.438491
0.000000 1.000000
0.000000 1.000000
0.000000 1.000000
0.000000 1.000000
0.000000 1.000000
0.000000 1.000000
0.000000 1.000000
0.000000 1.000000
0.217220 0.431093
0.000000 1.000000
0.000000 1.000000
0.000000 1.000000
0.000000 1.000000
0.000000 1.000000
0.828208 -0.551640
0.208587 0.487697
0.000000 1.000000
0.000000 1.000000
0.000000 1.000000
0.000000 1.000000
0.000000 1.000000
0.850329 -0.772411
0.000000 1.000000
0.000000 1.000000
0.000000 1.000000
0.000000 1.000000
0.000000 1.000000
0.000000 1.000000
0.000000 1.000000
0.000000 1.000000
0.197124 0.574978
0.000000 1.000000
0.048766 0.730456
0.000000 1.000000
0.000000 1.000000
0.000000 1.000000
0.000000 1.000000
0.000000 1.000000
0.000000 1.000000
0.000000 1.000000
0.000000 1.000000
0.000000 1.000000
0.646531 -0.446760
0.434402 -0.042374
0.000000 1.000000
0.000000 1.000000
0.000000 1.000000
0.000000 1.000000
0.854158 -0.771087
0.000000 1.000000
0.000000 1.000000
0.000000 1.000000
0.000000 1.000000
0.000000 1.000000
0.000000 1.000000
0.000000 1.000000
0.000000 1.000000
0.851616 -0.773349
0.000000 1.000000
0.000000 1.000000
0.000000 1.000000
0.000000 1.000000
0.000000 1.000000
0.851331 -0.773263
0.000000 1.000000
0.000000 1.000000
0.652666 -0.457274
0.000000 1.000000
0.000000 1.000000
0.000000 1.000000
0.000000 1.000000
0.000000 1.000000
0.000000 1.000000
0.000000 1.000000
0.000000 1.000000
0.000000 1.000000
0.000000 1.000000
0.000000 1.000000
0.000000 1.000000
0.000000 1.000000
0.000000 1.000000
0.000000 1.000000
0.000000 1.000000
0.851084 -0.773133
0.000000 1.000000
0.000000 1.000000
0.000000 1.000000
0.000000 1.000000
0.000000 1.000000
0.000000 1.000000
0.000000 1.000000
0.000000 1.000000
0.000000 1.000000
0.000000 1.000000
0.000000 1.000000
0.000000 1.000000
0.444871 -0.106095
0.000000 1.000000
0.031628 0.795652
0.851101 -0.773143
0.000000 1.000000
0.000000 1.000000
0.000000 1.000000
0.000000 1.000000
0.410390 0.227793
0.000000 1.000000
0.000000 1.000000
0.258232 0.242190
0.000000 1.000000
0.649206 -0.454738
0.000000 1.000000
0.000000 1.000000
0.853224 -0.772552
0.000000 1.000000
0.000000 1.000000
0.651830 -0.458113
0.000000 1.000000
0.454547 -0.124116
0.000000 1.000000
0.000000 1.000000
0.000000 1.000000
0.000000 1.000000
0.000000 1.000000
0.000000 1.000000
0.000000 1.000000
0.000000 1.000000
0.000000 1.000000
0.000000 1.000000
0.000000 1.000000
0.000000 1.000000
0.000000 1.000000
0.000000 1.000000
0.000000 1.000000
0.000000 1.000000
0.000000 1.000000
0.000000 1.000000
0.000000 1.000000
0.000000 1.000000
0.000000 1.000000
0.000000 1.000000
0.000000 1.000000
0.000000 1.000000
0.000000 1.000000
0.000000 1.000000
0.000000 1.000000
0.000000 1.000000
0.000000 1.000000
0.000000 1.000000
0.000000 1.000000
0.000000 1.000000
0.000000 1.000000
0.000000 1.000000
0.000000 1.000000
0.000000 1.000000
0.264571 0.248442
0.000000 1.000000
0.000000 1.000000
0.000000 1.000000
0.846410 -0.761038
0.000000 1.000000
0.000000 1.000000
0.652073 -0.458201
0.000000 1.000000
0.000000 1.000000
0.000000 1.000000
0.823835 -0.468481
0.000000 1.000000
0.000000 1.000000
0.000000 1.000000
0.000000 1.000000
0.620949 -0.167798
0.000000 1.000000
0.851990 -0.773359
0.851700 -0.773362
0.000000 1.000000
0.000000 1.000000
0.000000 1.000000
0.000000 1.000000
0.000000 1.000000
0.850105 -0.771389
0.000000 1.000000
0.000000 1.000000
0.660600 -0.437084
0.000000 1.000000
0.000000 1.000000
0.000000 1.000000
0.000000 1.000000
0.000000 1.000000
0.000000 1.000000
0.000000 1.000000
0.000000 1.000000
0.000000 1.000000
0.851690 -0.773360
0.650099 -0.456382
0.851096 -0.773140
0.000000 1.000000
0.000000 1.000000
0.000000 1.000000
0.853874 -0.771611
0.858522 -0.754109
0.852611 -0.773077
0.000000 1.000000
0.000000 1.000000
0.000000 1.000000
0.000000 1.000000
0.851096 -0.773140
0.000000 1.000000
0.000000 1.000000
0.055949 0.708490
0.849642 -0.771349
0.000000 1.000000
0.219634 0.404301
0.000000 1.000000
0.000000 1.000000
0.000000 1.000000
0.000000 1.000000
0.000000 1.000000
0.000000 1.000000
0.000000 1.000000
0.000000 1.000000
0.852409 -0.773229
0.000000 1.000000
0.000000 1.000000
0.000000 1.000000
0.000000 1.000000
0.000000 1.000000
0.000000 1.000000
0.000000 1.000000
0.000000 1.000000
0.000000 1.000000
0.446130 -0.110766
0.000000 1.000000
0.000000 1.000000
0.000000 1.000000
0.000000 1.000000
0.000000 1.000000
0.000000 1.000000
0.000000 1.000000
0.000000 1.000000
0.000000 1.000000
0.000000 1.000000
0.000000 1.000000
0.000000 1.000000
0.000000 1.000000
0.000000 1.000000
0.000000 1.000000
0.000000 1.000000
0.000000 1.000000
0.000000 1.000000
0.000000 1.000000
0.000000 1.000000
0.000000 1.000000
0.000000 1.000000
0.000000 1.000000
0.000000 1.000000
0.000000 1.000000
0.000000 1.000000
0.833304 -0.634133
0.849161 -0.770366
0.000000 1.000000
0.000000 1.000000
0.000000 1.000000
0.000000 1.000000
0.000000 1.000000
0.000000 1.000000
0.000000 1.000000
0.000000 1.000000
0.000000 1.000000
0.000000 1.000000
0.449736 -0.120345
0.000000 1.000000
0.000000 1.000000
0.211237 0.467365
0.000000 1.000000
0.259133 0.242409
0.000000 1.000000
0.852830 -0.772950
0.082076 0.669698
0.000000 1.000000
0.853132 -0.772657
0.000000 1.000000
0.000000 1.000000
0.000000 1.000000
0.000000 1.000000
0.000000 1.000000
0.000000 1.000000
0.000000 1.000000
0.000000 1.000000
0.222488 0.383883
0.000000 1.000000
0.000000 1.000000
0.000000 1.000000
0.000000 1.000000
0.000000 1.000000
0.000000 1.000000
0.850698 -0.772827
0.000000 1.000000
0.000000 1.000000
0.441964 -0.092757
0.000000 1.000000
0.000000 1.000000
0.000000 1.000000
0.000000 1.000000
0.000000 1.000000
0.000000 1.000000
0.000000 1.000000
0.000000 1.000000
0.000000 1.000000
0.000000 1.000000
0.000000 1.000000
0.000000 1.000000
0.000000 1.000000
0.000000 1.000000
0.000000 1.000000
0.000000 1.000000
0.000000 1.000000
0.063563 0.690003
0.000000 1.000000
0.852398 -0.773235
0.000000 1.000000
0.000000 1.000000
0.000000 1.000000
0.000000 1.000000
0.000000 1.000000
0.000000 1.000000
0.000000 1.000000
0.420877 0.094621
0.000000 1.000000
0.000000 1.000000
0.000000 1.000000
0.000000 1.000000
0.000000 1.000000
0.000000 1.000000
0.000000 1.000000
0.000000 1.000000
0.852061 -0.773347
0.233652 0.314955
0.000000 1.000000
0.000000 1.000000
0.000000 1.000000
0.000000 1.000000
0.000000 1.000000
0.000000 1.000000
0.000000 1.000000
0.000000 1.000000
0.000000 1.000000
0.000000 1.000000
0.000000 1.000000
0.000000 1.000000
0.000000 1.000000
0.000000 1.000000
0.175402 0.703642
0.000000 1.000000
0.000000 1.000000
0.000000 1.000000
0.000000 1.000000
0.000000 1.000000
0.000000 1.000000
0.000000 1.000000
0.000000 1.000000
0.000000 1.000000
