0.000000 1.000000
0.000000 1.000000
0.000000 1.000000
0.268931 0.481414
0.000000 1.000000
0.034836 0.813355
1.000000 0.000000
0.965442 0.017534
0.856401 0.074580
0.000000 1.000000
0.665058 0.184489
0.000000 1.000000
0.179895 0.575860
0.000000 1.000000
0.000000 1.000000
0.000000 1.000000
1.000000 0.000000
1.000000 0.000000
0.077601 0.721430
1.000000 0.000000
0.000000 1.000000
0.000000 1.000000
0.000000 1.000000
0.000000 1.000000
0.714528 0.154703
0.000000 1.000000
0.225490 0.525142
0.197372 0.555734
0.000000 1.000000
0.000000 1.000000
0.000000 1.000000
0.000000 1.000000
0.000000 1.000000
0.000000 1.000000
0.000000 1.000000
0.009521 0.902424
0.000000 1.000000
0.143212 0.621567
0.518148 0.280175
0.000000 1.000000
0.000000 1.000000
0.000000 1.000000
0.000000 1.000000
0.176003 0.580472
0.000000 1.000000
0.650887 0.193224
0.000000 1.000000
0.488423 0.301128
0.000000 1.000000
0.414411 0.356252
0.994883 0.002562
0.000000 1.000000
0.086363 0.706124
1.000000 0.000000
0.000000 1.000000
0.201182 0.551467
0.000000 1.000000
1.000000 0.000000
0.000000 1.000000
0.111555 0.666002
0.525479 0.275100
0.000000 1.000000
0.813117 0.098270
0.615455 0.215491
1.000000 0.000000
0.522411 0.277220
0.703807 0.161068
0.000000 1.000000
1.000000 0.000000
0.000000 1.000000
1.000000 0.000000
0.000000 1.000000
0.577338 0.240172
0.000000 1.000000
0.320886 0.433532
1.000000 0.000000
0.000000 1.000000
0.000000 1.000000
0.035959 0.810371
1.000000 0.000000
0.644226 0.197363
0.000000 1.000000
0.089456 0.700908
0.203356 0.549050
0.535680 0.268099
0.000000 1.000000
0.512522 0.284093
0.203429 0.548969
0.749705 0.134145
0.555604 0.254611
0.220588 0.530332
0.000000 1.000000
1.000000 0.000000
0.445047 0.332881
0.000000 1.000000
0.693460 0.167257
0.000000 1.000000
1.000000 0.000000
0.000000 1.000000
0.000000 1.000000
0.171644 0.585701
0.000000 1.000000
0.755780 0.130644
0.000000 1.000000
0.846975 0.079688
0.000000 1.000000
0.327757 0.427500
0.619373 0.212998
0.000000 1.000000
1.000000 0.000000
1.000000 0.000000
0.000000 1.000000
0.000000 1.000000
0.000000 1.000000
1.000000 0.000000
0.000000 1.000000
0.000000 1.000000
0.000000 1.000000
0.000000 1.000000
0.000000 1.000000
1.000000 0.000000
0.000000 1.000000
0.756705 0.130112
0.000000 1.000000
1.000000 0.000000
0.000000 1.000000
1.000000 0.000000
0.814548 0.097477
0.000000 1.000000
1.000000 0.000000
0.000000 1.000000
0.000000 1.000000
0.501119 0.292103
0.000000 1.000000
0.758682 0.128977
0.286489 0.464753
0.000000 1.000000
0.076283 0.723806
1.000000 0.000000
0.000000 1.000000
0.000000 1.000000
0.143883 0.621171
0.537635 0.266764
0.000000 1.000000
0.000000 1.000000
0.000000 1.000000
1.000000 0.000000
0.207027 0.544997
1.000000 0.000000
0.756834 0.130038
0.256753 0.493292
0.000000 1.000000
0.000000 1.000000
0.608878 0.219694
0.469069 0.315114
0.119977 0.653624
0.000000 1.000000
0.000000 1.000000
0.000000 1.000000
0.000000 1.000000
0.000000 1.000000
1.000000 0.000000
0.000000 1.000000
0.000000 1.000000
0.590978 0.231249
0.000000 1.000000
0.318012 0.436074
0.029768 0.827466
0.000000 1.000000
1.000000 0.000000
0.000000 1.000000
0.753756 0.131809
1.000000 0.000000
1.000000 0.000000
0.000000 1.000000
1.000000 0.000000
0.068110 0.739021
0.719223 0.151930
0.289050 0.462366
0.675557 0.178077
0.778367 0.117749
0.000000 1.000000
0.615344 0.215645
0.484370 0.304033
1.000000 0.000000
1.000000 0.000000
0.000000 1.000000
0.745375 0.136649
0.000000 1.000000
0.000000 1.000000
0.426920 0.346609
0.464275 0.318623
0.086252 0.706314
0.335293 0.420955
0.000000 1.000000
0.058830 0.757452
0.000000 1.000000
0.201879 0.550690
0.118774 0.655365
0.000786 0.971971
0.326747 0.428383
0.480098 0.307109
0.000000 1.000000
0.000000 1.000000
0.000000 1.000000
0.000000 1.000000
0.243877 0.506161
0.267112 0.483172
0.371895 0.390168
0.000000 1.000000
0.310075 0.443156
0.000000 1.000000
0.000000 1.000000
0.038406 0.804025
0.732303 0.149552
1.000000 0.000000
0.047756 0.781469
1.000000 0.000000
0.000000 1.000000
0.676258 0.177651
0.000000 1.000000
0.000000 1.000000
0.000000 1.000000
0.000000 1.000000
0.000000 1.000000
0.693302 0.167353
0.000000 1.000000
0.000000 1.000000
1.000000 0.000000
0.000000 1.000000
0.076216 0.723927
0.000000 1.000000
0.000000 1.000000
0.292661 0.459019
1.000000 0.000000
0.000000 1.000000
0.367406 0.393860
0.105635 0.674985
0.000000 1.000000
0.000000 1.000000
0.000000 1.000000
0.000000 1.000000
0.485978 0.302879
0.747742 0.135279
1.000000 0.000000
1.000000 0.000000
0.386830 0.378043
0.159962 0.600047
0.732797 0.144071
0.264930 0.485286
0.248003 0.502001
0.000000 1.000000
0.000000 1.000000
1.000000 0.000000
1.000000 0.000000
0.686698 0.175960
1.000000 0.000000
0.000000 1.000000
0.540026 0.265136
0.320833 0.433579
0.778450 0.117702
0.000000 1.000000
0.595995 0.227993
0.553970 0.255708
1.000000 0.000000
0.000000 1.000000
0.271798 0.478657
1.000000 0.000000
1.000000 0.000000
0.341929 0.415253
0.000000 1.000000
0.235376 0.514844
0.000000 1.000000
0.411751 0.358322
0.000000 1.000000
1.000000 0.000000
1.000000 0.000000
0.000000 1.000000
0.117386 0.657383
1.000000 0.000000
0.000000 1.000000
0.238175 0.511968
0.000000 1.000000
0.058921 0.757264
0.000000 1.000000
0.157478 0.603165
0.669146 0.181986
0.411078 0.358846
0.000000 1.000000
0.009318 0.906214
0.377922 0.387312
0.000000 1.000000
0.232686 0.517625
0.000000 1.000000
0.097249 0.688153
0.000000 1.000000
0.333203 0.423036
1.000000 0.000000
0.000000 1.000000
0.000000 1.000000
0.481005 0.306455
1.000000 0.000000
0.000000 1.000000
1.000000 0.000000
0.012937 0.886261
1.000000 0.000000
0.454774 0.325631
0.122428 0.650103
1.000000 0.000000
0.256684 0.493360
0.000000 1.000000
0.015143 0.876944
0.000000 1.000000
0.000000 1.000000
0.000000 1.000000
0.000000 1.000000
0.000000 1.000000
0.231766 0.518579
0.256684 0.493360
1.000000 0.000000
0.000000 1.000000
0.000000 1.000000
0.000000 1.000000
0.000000 1.000000
0.524093 0.276057
1.000000 0.000000
0.723410 0.149465
1.000000 0.000000
0.838075 0.084536
0.000000 1.000000
0.703891 0.161018
0.000000 1.000000
0.511000 0.285157
1.000000 0.000000
1.000000 0.000000
0.000000 1.000000
0.000000 1.000000
0.000000 1.000000
0.000000 1.000000
0.750407 0.133740
0.000000 1.000000
0.746058 0.136253
0.000000 1.000000
0.000000 1.000000
0.000000 1.000000
1.000000 0.000000
1.000000 0.000000
0.000000 1.000000
0.000000 1.000000
1.000000 0.000000
0.152360 0.609770
1.000000 0.000000
0.084486 0.709335
0.000000 1.000000
0.000000 1.000000
1.000000 0.000000
0.000000 1.000000
0.705719 0.159929
1.000000 0.000000
0.000000 1.000000
0.000000 1.000000
0.000000 1.000000
0.000000 1.000000
1.000000 0.000000
0.000000 1.000000
0.217025 0.534140
0.000000 1.000000
0.078754 0.719369
0.000000 1.000000
0.665018 0.184820
0.000000 1.000000
0.000000 1.000000
1.000000 0.000000
0.000000 1.000000
0.886487 0.058466
0.000000 1.000000
0.302524 0.449978
0.374632 0.387928
0.404202 0.364232
0.000000 1.000000
0.000000 1.000000
0.767062 0.124179
0.000000 1.000000
0.000000 1.000000
0.577741 0.239907
0.000000 1.000000
0.078412 0.719979
0.117134 0.657751
0.590367 0.231647
0.068100 0.739040
1.000000 0.000000
0.000000 1.000000
0.000000 1.000000
0.205785 0.546364
1.000000 0.000000
0.119436 0.654405
0.000000 1.000000
0.466600 0.316919
0.540990 0.264480
1.000000 0.000000
1.000000 0.000000
0.415355 0.355520
0.506161 0.288550
0.000000 1.000000
0.038328 0.804225
1.000000 0.000000
0.612601 0.217312
0.636485 0.202200
0.511789 0.284606
0.253536 0.496477
0.255142 0.494884
0.000000 1.000000
0.000000 1.000000
0.000000 1.000000
0.000000 1.000000
0.195841 0.557460
0.463423 0.319248
0.701706 0.162321
0.711887 0.156266
0.511789 0.284606
0.435639 0.339970
0.000000 1.000000
0.000000 1.000000
0.000000 1.000000
0.000000 1.000000
0.510526 0.285489
0.287464 0.463843
1.000000 0.000000
0.082627 0.712552
0.000000 1.000000
0.483110 0.304939
0.126082 0.644920
0.000000 1.000000
1.000000 0.000000
0.000000 1.000000
0.498468 0.293977
0.220314 0.530624
0.529360 0.272428
1.000000 0.000000
1.000000 0.000000
0.102299 0.680158
0.483110 0.304939
1.000000 0.000000
0.000000 1.000000
0.000000 1.000000
1.000000 0.000000
0.204474 0.547812
0.000000 1.000000
0.000000 1.000000
1.000000 0.000000
0.069725 0.735944
0.337459 0.419088
0.143187 0.621600
0.232217 0.518111
0.391299 0.374461
0.519472 0.279256
0.489360 0.300457
0.691968 0.168154
0.224245 0.526455
0.420684 0.351398
0.000000 1.000000
1.000000 0.000000
1.000000 0.000000
0.000000 1.000000
0.370265 0.391506
0.199463 0.553387
1.000000 0.000000
1.000000 0.000000
0.000000 1.000000
0.000000 1.000000
1.000000 0.000000
0.000000 1.000000
1.000000 0.000000
0.074236 0.727537
0.000000 1.000000
0.544659 0.261990
0.000000 1.000000
0.000000 1.000000
0.000000 1.000000
0.782441 0.115443
1.000000 0.000000
0.055730 0.763929
0.000000 1.000000
0.313424 0.440157
0.000000 1.000000
1.000000 0.000000
0.303957 0.448677
0.000000 1.000000
0.603700 0.223018
1.000000 0.000000
1.000000 0.000000
0.000000 1.000000
0.831233 0.088280
0.489303 0.300498
0.670857 0.180941
0.035379 0.811907
0.476231 0.309905
0.000000 1.000000
0.443054 0.334377
0.311290 0.442067
0.947677 0.026513
0.000000 1.000000
0.071668 0.732291
0.000000 1.000000
0.000000 1.000000
0.000000 1.000000
0.000000 1.000000
1.000000 0.000000
0.000000 1.000000
0.068186 0.740842
1.000000 0.000000
0.076601 0.723230
0.000000 1.000000
0.077432 0.721734
0.309682 0.443509
1.000000 0.000000
1.000000 0.000000
0.000000 1.000000
0.000000 1.000000
0.000000 1.000000
0.339881 0.417095
1.000000 0.000000
0.098314 0.686449
0.782167 0.115598
0.000000 1.000000
0.000000 1.000000
0.440307 0.336444
0.000000 1.000000
0.663720 0.185310
0.000000 1.000000
0.203564 0.550886
0.224352 0.526342
0.349823 0.408541
1.000000 0.000000
0.353670 0.405298
0.000000 1.000000
0.000000 1.000000
0.000000 1.000000
0.000000 1.000000
0.000000 1.000000
0.762259 0.126925
0.000000 1.000000
0.000000 1.000000
1.000000 0.000000
0.116851 0.658166
0.000000 1.000000
0.000000 1.000000
0.000000 1.000000
0.000000 1.000000
0.000000 1.000000
0.384617 0.379825
0.000000 1.000000
0.384617 0.379825
1.000000 0.000000
0.000000 1.000000
0.000000 1.000000
1.000000 0.000000
0.000000 1.000000
0.487248 0.301969
0.000000 1.000000
1.000000 0.000000
0.436111 0.339613
0.036451 0.809079
0.499749 0.293228
0.025885 0.840235
0.173176 0.583914
1.000000 0.000000
0.294160 0.457635
0.000000 1.000000
0.558147 0.252907
0.769424 0.122832
0.000000 1.000000
0.498651 0.293848
0.000000 1.000000
0.498089 0.294263
1.000000 0.000000
0.819313 0.094841
0.065230 0.744597
0.000000 1.000000
0.000000 1.000000
0.382449 0.381575
0.119605 0.654160
0.649996 0.193776
0.000000 1.000000
0.255225 0.494802
1.000000 0.000000
0.000000 1.000000
0.000000 1.000000
0.514033 0.283039
0.571844 0.243796
0.052981 0.769823
0.854494 0.075612
0.000000 1.000000
0.087934 0.703463
0.000000 1.000000
1.000000 0.000000
0.000000 1.000000
1.000000 0.000000
0.613726 0.216593
0.284023 0.467062
1.000000 0.000000
0.000000 1.000000
0.592437 0.230300
0.347175 0.410784
0.000000 1.000000
0.776447 0.118838
0.000000 1.000000
0.583566 0.236085
0.435214 0.340293
0.334513 0.421629
0.000000 1.000000
0.000000 1.000000
0.000000 1.000000
0.000000 1.000000
0.154110 0.607431
1.000000 0.000000
1.000000 0.000000
0.703301 0.161369
0.000000 1.000000
1.000000 0.000000
1.000000 0.000000
0.000000 1.000000
0.587668 0.233405
0.605911 0.221597
1.000000 0.000000
0.085524 0.707554
0.497282 0.294818
0.100787 0.682530
0.000000 1.000000
0.000000 1.000000
0.574741 0.241883
0.000000 1.000000
0.000000 1.000000
0.000000 1.000000
0.000000 1.000000
0.236604 0.513634
0.000000 1.000000
0.000000 1.000000
0.299644 0.452603
0.000000 1.000000
0.000000 1.000000
0.000000 1.000000
0.000000 1.000000
0.092132 0.696468
0.667722 0.182857
0.000000 1.000000
0.389856 0.375615
0.779882 0.116891
1.000000 0.000000
0.000000 1.000000
0.834586 0.086443
0.533184 0.269806
0.000000 1.000000
0.000000 1.000000
0.000000 1.000000
0.040814 0.797974
0.357433 0.402143
0.100630 0.682777
0.127504 0.642923
0.113004 0.663840
1.000000 0.000000
0.529796 0.272129
0.000000 1.000000
0.000000 1.000000
0.082611 0.712578
0.766941 0.124248
0.000000 1.000000
0.220762 0.530146
0.699603 0.163577
0.866979 0.068883
0.004117 0.935839
1.000000 0.000000
0.200615 0.552100
0.000000 1.000000
0.740708 0.139356
0.435128 0.340358
0.000000 1.000000
0.085146 0.708202
0.615811 0.215264
0.081874 0.713863
1.000000 0.000000
0.689687 0.169526
0.000000 1.000000
0.000000 1.000000
0.113317 0.663373
0.000000 1.000000
1.000000 0.000000
0.256178 0.493860
0.000000 1.000000
0.637755 0.201404
0.098887 0.685537
0.000000 1.000000
1.000000 0.000000
0.000000 1.000000
0.000000 1.000000
1.000000 0.000000
0.000000 1.000000
0.000000 1.000000
0.740768 0.139321
1.000000 0.000000
0.000000 1.000000
0.000000 1.000000
0.000000 1.000000
0.401638 0.366250
0.000000 1.000000
0.031457 0.822639
0.678878 0.176060
1.000000 0.000000
0.000000 1.000000
0.113026 0.663807
0.383854 0.380440
1.000000 0.000000
0.000000 1.000000
0.120747 0.652513
0.169849 0.587873
0.000000 1.000000
0.601685 0.224316
0.000000 1.000000
0.000000 1.000000
0.938173 0.031407
0.000000 1.000000
0.333449 0.422549
0.028911 0.829966
0.181538 0.573928
0.084668 0.709022
0.000000 1.000000
0.761217 0.127523
0.000000 1.000000
0.000000 1.000000
0.142380 0.622804
0.000000 1.000000
0.063598 0.748448
0.569684 0.245226
0.000000 1.000000
1.000000 0.000000
0.001481 0.961515
0.000000 1.000000
0.122321 0.651434
1.000000 0.000000
0.046450 0.785507
1.000000 0.000000
0.206919 0.545117
0.005200 0.927890
0.426922 0.346608
0.000000 1.000000
0.000000 1.000000
0.000000 1.000000
0.092161 0.696420
0.149170 0.613775
0.672130 0.180298
0.217833 0.533274
0.000000 1.000000
0.000000 1.000000
1.000000 0.000000
0.245406 0.504615
0.184533 0.570427
0.000000 1.000000
0.170995 0.586485
1.000000 0.000000
0.610451 0.218686
0.366458 0.394642
0.748370 0.134916
1.000000 0.000000
0.000000 1.000000
0.000000 1.000000
1.000000 0.000000
0.000000 1.000000
0.000000 1.000000
0.000000 1.000000
0.000000 1.000000
0.000000 1.000000
1.000000 0.000000
0.000000 1.000000
1.000000 0.000000
1.000000 0.000000
0.321374 0.433102
1.000000 0.000000
0.000000 1.000000
1.000000 0.000000
0.465671 0.317599
0.000000 1.000000
1.000000 0.000000
1.000000 0.000000
0.000000 1.000000
0.000000 1.000000
0.000000 1.000000
0.653005 0.191913
1.000000 0.000000
0.821143 0.093831
0.000000 1.000000
0.000000 1.000000
0.000000 1.000000
0.000000 1.000000
0.133207 0.635220
0.325454 0.429514
0.712318 0.156011
1.000000 0.000000
0.000000 1.000000
1.000000 0.000000
0.000000 1.000000
0.000000 1.000000
0.446946 0.331459
0.000000 1.000000
0.778676 0.117574
0.000000 1.000000
0.004212 0.935097
0.000000 1.000000
1.000000 0.000000
1.000000 0.000000
0.000000 1.000000
1.000000 0.000000
0.000000 1.000000
0.000000 1.000000
0.856966 0.074275
0.000000 1.000000
0.000000 1.000000
0.709921 0.157491
0.814960 0.097249
0.000000 1.000000
0.000000 1.000000
0.223566 0.527173
0.000000 1.000000
0.836289 0.085511
0.736405 0.141860
0.258482 0.491589
0.000000 1.000000
0.000000 1.000000
0.428736 0.345221
0.000000 1.000000
0.000000 1.000000
0.479821 0.307309
0.306422 0.446446
0.791796 0.110171
0.000000 1.000000
1.000000 0.000000
0.991557 0.004327
0.446222 0.332001
1.000000 0.000000
0.000000 1.000000
0.000000 1.000000
0.000000 1.000000
0.000000 1.000000
0.249586 0.500414
0.000000 1.000000
0.119190 0.654761
0.000000 1.000000
0.247715 0.502290
0.627143 0.208076
0.065162 0.746608
0.957080 0.021695
0.000000 1.000000
0.094890 0.691957
0.080799 0.715748
0.000000 1.000000
0.343966 0.413514
0.072187 0.731323
0.000000 1.000000
0.613191 0.218921
0.000000 1.000000
0.528801 0.273025
0.102790 0.679391
0.703488 0.161258
1.000000 0.000000
0.283540 0.467515
0.000000 1.000000
0.000000 1.000000
0.000000 1.000000
1.000000 0.000000
1.000000 0.000000
0.000000 1.000000
0.000000 1.000000
0.000000 1.000000
0.000000 1.000000
0.411266 0.358700
0.000000 1.000000
0.441115 0.335835
0.000000 1.000000
0.087598 0.704030
0.000000 1.000000
0.000000 1.000000
0.000000 1.000000
0.000000 1.000000
0.481416 0.306159
0.070419 0.734634
0.000000 1.000000
0.000000 1.000000
0.065420 0.744227
0.128943 0.640914
0.000000 1.000000
0.000000 1.000000
0.000000 1.000000
0.000000 1.000000
0.000000 1.000000
0.821950 0.093386
0.000000 1.000000
0.441115 0.335835
1.000000 0.000000
0.000000 1.000000
0.166955 0.591399
0.000000 1.000000
0.000000 1.000000
0.194595 0.558871
0.000000 1.000000
0.000000 1.000000
0.000000 1.000000
0.218020 0.533074
1.000000 0.000000
0.000000 1.000000
0.000000 1.000000
0.000000 1.000000
0.000000 1.000000
0.000000 1.000000
0.000000 1.000000
0.342298 0.415421
0.164887 0.593938
0.000000 1.000000
0.000000 1.000000
1.000000 0.000000
0.000000 1.000000
0.483182 0.304887
0.000000 1.000000
0.099528 0.684519
0.309455 0.443714
1.000000 0.000000
0.000000 1.000000
0.057589 0.760024
1.000000 0.000000
0.355845 0.403472
0.000000 1.000000
0.454483 0.325847
0.979758 0.010173
0.172685 0.584446
0.674254 0.178870
0.000000 1.000000
0.514538 0.282687
0.330872 0.424785
0.000000 1.000000
0.000000 1.000000
0.000000 1.000000
0.581124 0.237685
0.194213 0.559303
0.118444 0.655843
0.000000 1.000000
0.754513 0.131373
0.000000 1.000000
0.000000 1.000000
0.125941 0.645119
0.442822 0.334551
0.000000 1.000000
0.313154 0.440398
0.000000 1.000000
0.000000 1.000000
0.000000 1.000000
0.151094 0.611292
1.000000 0.000000
0.000000 1.000000
0.916194 0.042990
0.477804 0.308766
0.240547 0.509544
0.120263 0.653211
0.946674 0.027028
0.000000 1.000000
0.000000 1.000000
0.000000 1.000000
0.000000 1.000000
0.606843 0.220999
0.145968 0.618199
0.000000 1.000000
0.302258 0.450220
0.190784 0.563211
0.000000 1.000000
0.000000 1.000000
0.070226 0.734998
0.827225 0.090481
0.000000 1.000000
0.772010 0.121359
1.000000 0.000000
0.227566 0.522961
0.000000 1.000000
0.940856 0.030022
1.000000 0.000000
0.720506 0.151174
0.000000 1.000000
0.602386 0.223865
0.000000 1.000000
0.738740 0.140500
0.000000 1.000000
1.000000 0.000000
0.520455 0.278574
0.832910 0.087361
0.000000 1.000000
0.000000 1.000000
0.000000 1.000000
0.000000 1.000000
0.000000 1.000000
0.000000 1.000000
0.000000 1.000000
1.000000 0.000000
1.000000 0.000000
0.205481 0.546700
1.000000 0.000000
0.530512 0.271637
0.000000 1.000000
0.000000 1.000000
1.000000 0.000000
0.276900 0.473787
1.000000 0.000000
0.000000 1.000000
0.000000 1.000000
0.000000 1.000000
0.134613 0.633103
1.000000 0.000000
0.169479 0.594266
0.000000 1.000000
0.000000 1.000000
1.000000 0.000000
0.785850 0.113518
0.010006 0.899971
1.000000 0.000000
0.000000 1.000000
1.000000 0.000000
0.000000 1.000000
0.000000 1.000000
1.000000 0.000000
0.557766 0.253163
0.292025 0.459606
0.176850 0.579524
0.000000 1.000000
0.640809 0.199494
0.000000 1.000000
0.791462 0.110358
0.344767 0.412831
0.000000 1.000000
0.000000 1.000000
1.000000 0.000000
0.100142 0.683547
0.528940 0.272718
0.000000 1.000000
0.388246 0.376906
0.000000 1.000000
0.000000 1.000000
1.000000 0.000000
0.000000 1.000000
0.000000 1.000000
1.000000 0.000000
0.000000 1.000000
1.000000 0.000000
1.000000 0.000000
0.164112 0.594893
1.000000 0.000000
0.000000 1.000000
0.000000 1.000000
0.000000 1.000000
0.344131 0.413373
1.000000 0.000000
1.000000 0.000000
0.000000 1.000000
0.413157 0.357227
0.000000 1.000000
0.000000 1.000000
1.000000 0.000000
0.000000 1.000000
0.955513 0.022499
0.000000 1.000000
1.000000 0.000000
1.000000 0.000000
0.000000 1.000000
0.000000 1.000000
0.000000 1.000000
1.000000 0.000000
0.000000 1.000000
0.000000 1.000000
0.112825 0.664106
0.743212 0.137903
0.148297 0.614906
0.976997 0.011568
0.294112 0.457679
0.000000 1.000000
0.366849 0.394319
0.353700 0.405274
0.000000 1.000000
1.000000 0.000000
1.000000 0.000000
0.000000 1.000000
1.000000 0.000000
0.743829 0.137545
0.000000 1.000000
0.000000 1.000000
0.000000 1.000000
0.590492 0.231565
0.590492 0.231565
0.000000 1.000000
0.774486 0.119951
1.000000 0.000000
0.664405 0.185289
1.000000 0.000000
0.000000 1.000000
0.247761 0.502244
0.000000 1.000000
0.000000 1.000000
0.000000 1.000000
0.456541 0.324322
0.000000 1.000000
0.000000 1.000000
0.256233 0.493806
0.191107 0.562843
0.000000 1.000000
0.071477 0.732647
0.000000 1.000000
0.000000 1.000000
0.000000 1.000000
0.000000 1.000000
0.004527 0.932717
0.000000 1.000000
0.481790 0.305889
0.000000 1.000000
0.800577 0.105250
0.000000 1.000000
0.117639 0.657015
0.701854 0.162233
0.000000 1.000000
0.260207 0.489895
0.638761 0.200775
0.719565 0.151728
0.000000 1.000000
0.000000 1.000000
0.042084 0.794855
0.000000 1.000000
0.610274 0.219112
0.219416 0.531582
0.000000 1.000000
0.000000 1.000000
0.000000 1.000000
0.718088 0.152599
0.319837 0.434458
0.000000 1.000000
0.000000 1.000000
0.000000 1.000000
0.000000 1.000000
1.000000 0.000000
0.000000 1.000000
0.035871 0.810603
0.773103 0.120737
0.000000 1.000000
0.000000 1.000000
1.000000 0.000000
0.243506 0.506537
0.444927 0.332972
0.000000 1.000000
0.000000 1.000000
0.000000 1.000000
1.000000 0.000000
0.000000 1.000000
0.000000 1.000000
1.000000 0.000000
0.240146 0.509953
0.566015 0.247660
1.000000 0.000000
0.239809 0.510298
0.000000 1.000000
0.778993 0.117394
0.000000 1.000000
0.000000 1.000000
0.000000 1.000000
0.000000 1.000000
0.000000 1.000000
0.515654 0.281910
0.000000 1.000000
0.000000 1.000000
0.527960 0.273392
0.435038 0.340426
1.000000 0.000000
0.000000 1.000000
1.000000 0.000000
0.608885 0.219689
0.480361 0.306919
0.901004 0.050788
0.074881 0.726356
0.849092 0.078538
0.690752 0.168885
1.000000 0.000000
0.245483 0.504537
0.747019 0.135697
0.956592 0.021945
0.390607 0.375014
0.058504 0.758123
0.000000 1.000000
0.077634 0.721371
0.000000 1.000000
0.000000 1.000000
0.000000 1.000000
0.000000 1.000000
0.000000 1.000000
0.767703 0.123813
1.000000 0.000000
1.000000 0.000000
0.501809 0.291615
0.059573 0.755925
0.000000 1.000000
0.777186 0.118419
0.000000 1.000000
1.000000 0.000000
0.000000 1.000000
0.000000 1.000000
0.721939 0.150330
1.000000 0.000000
0.567154 0.246904
1.000000 0.000000
0.000000 1.000000
0.386184 0.378563
0.000000 1.000000
0.101983 0.680652
0.756839 0.130035
1.000000 0.000000
0.637229 0.201734
0.000000 1.000000
1.000000 0.000000
0.290261 0.461266
0.000000 1.000000
0.000000 1.000000
0.779325 0.117206
0.000000 1.000000
0.000000 1.000000
0.000000 1.000000
0.181845 0.573567
0.000000 1.000000
0.000000 1.000000
1.000000 0.000000
0.000000 1.000000
0.000000 1.000000
0.120524 0.652834
0.171621 0.585728
1.000000 0.000000
0.616041 0.215117
1.000000 0.000000
0.000000 1.000000
0.000000 1.000000
0.000000 1.000000
1.000000 0.000000
0.000000 1.000000
1.000000 0.000000
1.000000 0.000000
1.000000 0.000000
0.000000 1.000000
0.000000 1.000000
0.000000 1.000000
0.000000 1.000000
0.000000 1.000000
0.000000 1.000000
0.000000 1.000000
0.450584 0.328744
0.103060 0.678971
0.000000 1.000000
1.000000 0.000000
0.223663 0.527069
1.000000 0.000000
0.000000 1.000000
0.534466 0.268928
0.000000 1.000000
0.000000 1.000000
0.017026 0.869516
0.000000 1.000000
0.000000 1.000000
1.000000 0.000000
0.000000 1.000000
0.098974 0.685399
1.000000 0.000000
0.000000 1.000000
0.796970 0.107807
0.000000 1.000000
0.000000 1.000000
1.000000 0.000000
0.000000 1.000000
0.651667 0.192741
0.645968 0.196279
0.000000 1.000000
0.296430 0.455546
0.000000 1.000000
0.000000 1.000000
0.442442 0.334837
0.778344 0.117762
0.000000 1.000000
0.203462 0.548932
0.000000 1.000000
0.000000 1.000000
1.000000 0.000000
0.337269 0.419778
0.000000 1.000000
0.000000 1.000000
0.000000 1.000000
0.000000 1.000000
1.000000 0.000000
0.000000 1.000000
0.000000 1.000000
0.000000 1.000000
0.338712 0.418010
0.853243 0.076289
0.000000 1.000000
0.413376 0.357057
0.010627 0.896911
0.000000 1.000000
0.000000 1.000000
0.000000 1.000000
0.772081 0.121318
0.616705 0.214695
0.000000 1.000000
0.000000 1.000000
0.000000 1.000000
0.000000 1.000000
0.193508 0.560105
0.000000 1.000000
0.000000 1.000000
0.000000 1.000000
0.000000 1.000000
1.000000 0.000000
0.155661 0.605461
0.756779 0.130069
0.046196 0.788031
0.000000 1.000000
0.554900 0.255084
0.000000 1.000000
0.105250 0.676004
0.338957 0.417799
0.082078 0.713507
0.282817 0.468195
1.000000 0.000000
0.000000 1.000000
0.000000 1.000000
0.582215 0.236970
0.000000 1.000000
0.122845 0.649507
0.702506 0.161843
0.000000 1.000000
1.000000 0.000000
1.000000 0.000000
0.000000 1.000000
0.565478 0.248017
1.000000 0.000000
0.766168 0.124690
0.000000 1.000000
0.381907 0.382014
0.257763 0.492297
0.604362 0.223071
0.132723 0.638155
0.721457 0.152608
0.373048 0.389223
0.109640 0.668881
1.000000 0.000000
0.000000 1.000000
0.000000 1.000000
1.000000 0.000000
0.983356 0.008357
1.000000 0.000000
0.000000 1.000000
0.385144 0.379429
0.268713 0.481625
0.000000 1.000000
0.000000 1.000000
1.000000 0.000000
0.000000 1.000000
0.207858 0.544085
0.665264 0.184363
0.000000 1.000000
0.077729 0.721200
1.000000 0.000000
0.756032 0.130499
0.000000 1.000000
0.000000 1.000000
0.000000 1.000000
1.000000 0.000000
1.000000 0.000000
0.000000 1.000000
0.000000 1.000000
1.000000 0.000000
0.284034 0.467052
1.000000 0.000000
0.000000 1.000000
0.000000 1.000000
0.000000 1.000000
0.000000 1.000000
0.324859 0.430036
0.170029 0.587654
1.000000 0.000000
0.000000 1.000000
0.000000 1.000000
1.000000 0.000000
0.000000 1.000000
1.000000 0.000000
0.000000 1.000000
0.000000 1.000000
0.000000 1.000000
0.000000 1.000000
0.000000 1.000000
0.000000 1.000000
0.000000 1.000000
0.000000 1.000000
0.072569 0.730613
0.000000 1.000000
0.000000 1.000000
0.000000 1.000000
1.000000 0.000000
0.000000 1.000000
0.000000 1.000000
1.000000 0.000000
1.000000 0.000000
0.000000 1.000000
0.000000 1.000000
0.000000 1.000000
0.436996 0.339432
0.000000 1.000000
0.000000 1.000000
0.887144 0.058117
0.364229 0.396486
0.000000 1.000000
0.270599 0.479808
0.000000 1.000000
0.000000 1.000000
0.000000 1.000000
0.103905 0.677903
0.000000 1.000000
0.000000 1.000000
0.335446 0.420823
0.000000 1.000000
0.000000 1.000000
0.152974 0.608881
0.061290 0.752431
0.000000 1.000000
0.778283 0.117796
0.000000 1.000000
0.000000 1.000000
0.430489 0.343884
0.000000 1.000000
0.000000 1.000000
0.376905 0.386074
1.000000 0.000000
0.000000 1.000000
0.159526 0.600593
0.233515 0.516766
1.000000 0.000000
0.000000 1.000000
0.000000 1.000000
0.286565 0.464683
0.077132 0.722273
0.916936 0.042432
1.000000 0.000000
0.019356 0.860874
0.000000 1.000000
0.564890 0.248408
0.804312 0.103165
0.000000 1.000000
0.000000 1.000000
1.000000 0.000000
0.009754 0.901236
0.125818 0.645291
0.080864 0.715634
0.000000 1.000000
0.000000 1.000000
1.000000 0.000000
0.000000 1.000000
0.000000 1.000000
0.473371 0.311980
0.686328 0.171551
0.309890 0.443323
0.328113 0.427188
0.000000 1.000000
0.000000 1.000000
0.000000 1.000000
0.135246 0.632242
1.000000 0.000000
0.332870 0.423051
0.256936 0.493112
0.123478 0.648605
0.000000 1.000000
0.000000 1.000000
0.538905 0.265898
0.000000 1.000000
0.532183 0.270491
0.000000 1.000000
0.272088 0.478379
0.000000 1.000000
0.000000 1.000000
1.000000 0.000000
0.000000 1.000000
1.000000 0.000000
1.000000 0.000000
0.289188 0.462238
0.368235 0.393176
1.000000 0.000000
0.754588 0.131330
1.000000 0.000000
1.000000 0.000000
0.395858 0.370828
0.000000 1.000000
1.000000 0.000000
0.000000 1.000000
0.000000 1.000000
0.000000 1.000000
0.081575 0.714387
0.000000 1.000000
0.221522 0.529339
0.000000 1.000000
0.763359 0.126296
0.351056 0.407500
0.258137 0.491929
0.698357 0.164323
0.088072 0.703231
0.219188 0.531825
0.000000 1.000000
0.000000 1.000000
0.297868 0.454228
0.048841 0.779001
0.000000 1.000000
0.000000 1.000000
0.000000 1.000000
0.000000 1.000000
0.293921 0.457855
0.000000 1.000000
0.474919 0.310856
0.000000 1.000000
0.000000 1.000000
1.000000 0.000000
0.000000 1.000000
0.762299 0.126903
0.000000 1.000000
0.000000 1.000000
0.000000 1.000000
0.183251 0.571922
0.000000 1.000000
0.174100 0.582747
0.000000 1.000000
0.045496 0.786701
0.282054 0.468912
0.349809 0.408553
0.000000 1.000000
0.733124 0.143773
1.000000 0.000000
0.000000 1.000000
0.728485 0.146487
0.535061 0.268521
1.000000 0.000000
0.000000 1.000000
0.000000 1.000000
0.000000 1.000000
0.119855 0.653799
0.000000 1.000000
0.158299 0.602132
0.000000 1.000000
0.158299 0.602132
0.000000 1.000000
0.000000 1.000000
0.000000 1.000000
0.000000 1.000000
0.000000 1.000000
0.113499 0.663104
0.623476 0.210395
0.544878 0.261842
0.000000 1.000000
0.806820 0.101769
0.000000 1.000000
0.000000 1.000000
0.000000 1.000000
0.000000 1.000000
0.345919 0.411851
1.000000 0.000000
0.000000 1.000000
0.000000 1.000000
0.207233 0.544771
0.000000 1.000000
0.828896 0.089563
1.000000 0.000000
0.300184 0.452109
0.229134 0.521321
1.000000 0.000000
0.786661 0.113061
0.250922 0.499079
0.532643 0.270176
0.000000 1.000000
0.000000 1.000000
0.000000 1.000000
0.232434 0.517886
0.288792 0.464025
0.060277 0.754486
1.000000 0.000000
0.000000 1.000000
0.579388 0.239864
0.000000 1.000000
0.750146 0.133891
0.749803 0.134088
0.507453 0.287657
0.000000 1.000000
0.000000 1.000000
1.000000 0.000000
1.000000 0.000000
1.000000 0.000000
0.058373 0.760240
0.000000 1.000000
0.700978 0.162756
0.000000 1.000000
1.000000 0.000000
0.000000 1.000000
0.279628 0.471201
0.132714 0.635701
0.000000 1.000000
0.297343 0.454709
0.137132 0.629687
1.000000 0.000000
0.000000 1.000000
0.796611 0.107470
0.234759 0.515481
0.000000 1.000000
0.000000 1.000000
0.279628 0.471201
0.524619 0.275694
0.000000 1.000000
0.670384 0.181230
0.000000 1.000000
0.131119 0.637896
0.000000 1.000000
1.000000 0.000000
0.000000 1.000000
0.361588 0.398678
0.775401 0.119432
0.000000 1.000000
0.000000 1.000000
0.321865 0.432668
0.000000 1.000000
0.000000 1.000000
0.730479 0.145319
0.000000 1.000000
0.565647 0.247905
0.699334 0.163738
0.278988 0.471807
0.000000 1.000000
0.000000 1.000000
0.000000 1.000000
0.000000 1.000000
0.000000 1.000000
0.402029 0.365943
0.000000 1.000000
1.000000 0.000000
0.462966 0.319584
0.077453 0.721697
0.000000 1.000000
0.694608 0.166569
0.000000 1.000000
0.000000 1.000000
1.000000 0.000000
1.000000 0.000000
0.000000 1.000000
1.000000 0.000000
0.000000 1.000000
0.000000 1.000000
0.214209 0.537173
0.192728 0.560992
0.000000 1.000000
0.034900 0.813183
0.000000 1.000000
0.000000 1.000000
0.000000 1.000000
0.000000 1.000000
0.000000 1.000000
0.607251 0.220737
0.000000 1.000000
0.636854 0.201968
0.000000 1.000000
0.000000 1.000000
0.704332 0.160755
0.000000 1.000000
0.008236 0.909250
0.525226 0.275275
0.000000 1.000000
0.000000 1.000000
1.000000 0.000000
0.000000 1.000000
0.869863 0.067817
0.000000 1.000000
0.000000 1.000000
0.000000 1.000000
1.000000 0.000000
0.430281 0.344042
0.367606 0.393695
0.592355 0.230354
1.000000 0.000000
0.000000 1.000000
0.000000 1.000000
0.000000 1.000000
0.000000 1.000000
0.000000 1.000000
0.000000 1.000000
0.000000 1.000000
0.542671 0.263338
0.000000 1.000000
0.000000 1.000000
1.000000 0.000000
0.378298 0.386187
1.000000 0.000000
0.000000 1.000000
0.082113 0.713447
1.000000 0.000000
0.439662 0.336930
0.798820 0.106233
0.224316 0.526380
0.111435 0.666182
0.755056 0.131060
0.113845 0.662591
0.007941 0.910887
0.000000 1.000000
0.000000 1.000000
0.000000 1.000000
0.000000 1.000000
0.000000 1.000000
0.000000 1.000000
0.000000 1.000000
0.000000 1.000000
0.414370 0.356284
0.113845 0.662591
0.514838 0.282478
0.070096 0.735243
0.000000 1.000000
0.000000 1.000000
0.682122 0.174093
0.000000 1.000000
0.591381 0.230987
0.000000 1.000000
0.000000 1.000000
0.335883 0.420446
0.797039 0.107230
0.514838 0.282478
0.000000 1.000000
1.000000 0.000000
0.000000 1.000000
0.200378 0.552364
0.000000 1.000000
0.756510 0.130224
0.842194 0.082289
0.000000 1.000000
0.000000 1.000000
0.575031 0.241692
0.620895 0.212031
0.051247 0.773622
0.432152 0.342617
0.073276 0.729304
1.000000 0.000000
0.815378 0.097017
0.000000 1.000000
0.000000 1.000000
0.280945 0.469957
0.010822 0.895973
0.000000 1.000000
0.620895 0.212031
0.438864 0.337532
0.000000 1.000000
1.000000 0.000000
0.591212 0.231097
0.296802 0.455205
0.315663 0.438197
0.000000 1.000000
0.825092 0.091654
0.000000 1.000000
0.215123 0.536186
0.501954 0.291513
0.000000 1.000000
0.000000 1.000000
0.000000 1.000000
0.045404 0.786918
0.000000 1.000000
0.000000 1.000000
0.483801 0.304442
0.033052 0.818198
0.519760 0.279056
1.000000 0.000000
0.000000 1.000000
0.000000 1.000000
0.235839 0.514367
0.000000 1.000000
1.000000 0.000000
0.000000 1.000000
0.000000 1.000000
1.000000 0.000000
0.000000 1.000000
0.000000 1.000000
1.000000 0.000000
1.000000 0.000000
0.000000 1.000000
0.000000 1.000000
0.000000 1.000000
0.145953 0.617962
0.000000 1.000000
0.512843 0.283869
0.000000 1.000000
0.000000 1.000000
1.000000 0.000000
0.202495 0.550446
1.000000 0.000000
1.000000 0.000000
0.175844 0.580662
0.000000 1.000000
0.000000 1.000000
1.000000 0.000000
0.000000 1.000000
0.675566 0.178072
0.061760 0.751485
0.000000 1.000000
0.477411 0.309051
0.000000 1.000000
0.417955 0.353505
1.000000 0.000000
0.000000 1.000000
0.000000 1.000000
0.271306 0.479130
0.929413 0.035950
0.000000 1.000000
0.102736 0.679475
0.000000 1.000000
0.000000 1.000000
0.835183 0.086116
0.885970 0.058740
0.575501 0.241428
1.000000 0.000000
0.000000 1.000000
0.707956 0.159185
0.000000 1.000000
0.000000 1.000000
1.000000 0.000000
1.000000 0.000000
0.784184 0.114459
0.609008 0.219610
0.106335 0.673910
1.000000 0.000000
1.000000 0.000000
1.000000 0.000000
0.000000 1.000000
0.000000 1.000000
0.672956 0.179661
0.000000 1.000000
1.000000 0.000000
0.762085 0.127025
0.213695 0.537728
0.766814 0.124321
0.271385 0.479226
0.000000 1.000000
0.460165 0.321645
0.473066 0.312202
0.122771 0.649613
0.733729 0.143420
0.498118 0.294225
0.000000 1.000000
0.000000 1.000000
1.000000 0.000000
0.000000 1.000000
0.000000 1.000000
0.532625 0.270189
0.000000 1.000000
0.000000 1.000000
0.000000 1.000000
0.000000 1.000000
0.782060 0.115658
0.000000 1.000000
0.000000 1.000000
0.031503 0.822509
0.655943 0.190097
0.000000 1.000000
0.000000 1.000000
0.045621 0.786410
0.000000 1.000000
0.000000 1.000000
0.376720 0.386225
0.471991 0.312984
1.000000 0.000000
0.278086 0.472662
0.000000 1.000000
0.058024 0.760804
0.148828 0.614217
0.068500 0.738275
0.000000 1.000000
1.000000 0.000000
0.000000 1.000000
0.219247 0.531762
0.000000 1.000000
0.741331 0.138994
1.000000 0.000000
0.782256 0.115548
0.144041 0.620479
1.000000 0.000000
0.601544 0.224407
1.000000 0.000000
1.000000 0.000000
0.120723 0.652599
0.000000 1.000000
0.397396 0.369606
0.000000 1.000000
1.000000 0.000000
0.000000 1.000000
0.000000 1.000000
0.000000 1.000000
0.533061 0.272865
1.000000 0.000000
0.000000 1.000000
1.000000 0.000000
1.000000 0.000000
0.000000 1.000000
1.000000 0.000000
1.000000 0.000000
0.000000 1.000000
0.000000 1.000000
0.000000 1.000000
0.000000 1.000000
0.000000 1.000000
0.492419 0.298274
0.780907 0.116310
1.000000 0.000000
0.025808 0.839351
1.000000 0.000000
0.719391 0.151831
0.226657 0.523915
0.000000 1.000000
0.000000 1.000000
0.574898 0.241780
0.669264 0.181914
0.679960 0.175403
0.000000 1.000000
0.000000 1.000000
0.000000 1.000000
0.094476 0.692630
0.000000 1.000000
0.226657 0.523915
0.000000 1.000000
0.339945 0.416952
0.000000 1.000000
0.000000 1.000000
0.068807 0.737688
0.000000 1.000000
0.199996 0.552791
0.000000 1.000000
0.305902 0.446916
0.000000 1.000000
0.000000 1.000000
0.000000 1.000000
1.000000 0.000000
0.000000 1.000000
0.000000 1.000000
0.000000 1.000000
0.000000 1.000000
0.120944 0.652230
0.088481 0.702542
0.000000 1.000000
1.000000 0.000000
0.091995 0.696693
0.612236 0.219841
1.000000 0.000000
0.000000 1.000000
0.644524 0.197178
0.366267 0.394800
0.000000 1.000000
0.000000 1.000000
0.000000 1.000000
0.000000 1.000000
0.000000 1.000000
0.174299 0.582508
0.453743 0.326396
0.451642 0.327957
0.000000 1.000000
0.660099 0.187535
1.000000 0.000000
0.101918 0.681585
0.286207 0.465017
0.000000 1.000000
0.000000 1.000000
0.637952 0.201281
0.000000 1.000000
0.725673 0.148135
0.000000 1.000000
0.000000 1.000000
0.000000 1.000000
0.000000 1.000000
0.000000 1.000000
0.000000 1.000000
0.000000 1.000000
0.000000 1.000000
0.525697 0.274950
0.000000 1.000000
0.000000 1.000000
0.000000 1.000000
0.000000 1.000000
0.000000 1.000000
0.000000 1.000000
0.064674 0.748999
1.000000 0.000000
0.746617 0.135930
0.000000 1.000000
0.545851 0.261214
0.000000 1.000000
0.000000 1.000000
0.000000 1.000000
0.000000 1.000000
0.494036 0.297123
0.000000 1.000000
0.000000 1.000000
0.000000 1.000000
0.367317 0.393944
0.800117 0.105508
0.335494 0.420781
0.097403 0.687905
0.000000 1.000000
0.097403 0.687905
0.000000 1.000000
0.554642 0.255257
0.000000 1.000000
0.000000 1.000000
0.144399 0.621163
1.000000 0.000000
0.000000 1.000000
0.000000 1.000000
0.000000 1.000000
0.000000 1.000000
0.690694 0.168920
1.000000 0.000000
0.070483 0.734514
0.000000 1.000000
0.000000 1.000000
0.000000 1.000000
0.000000 1.000000
0.000000 1.000000
0.000000 1.000000
0.126827 0.643873
0.000000 1.000000
0.271889 0.478575
0.000000 1.000000
1.000000 0.000000
0.000000 1.000000
0.057586 0.760029
0.000000 1.000000
0.000000 1.000000
0.000000 1.000000
0.000000 1.000000
0.788852 0.111826
1.000000 0.000000
0.953952 0.023295
0.000000 1.000000
0.000000 1.000000
0.692360 0.167919
0.000000 1.000000
0.751337 0.133203
0.102296 0.680162
0.000000 1.000000
1.000000 0.000000
0.000000 1.000000
0.000000 1.000000
0.098019 0.686920
0.000000 1.000000
0.000000 1.000000
0.227971 0.522537
0.451862 0.327793
0.000000 1.000000
0.000000 1.000000
1.000000 0.000000
0.402445 0.365614
0.000000 1.000000
1.000000 0.000000
0.322494 0.432139
0.157639 0.602962
0.130133 0.639496
0.000000 1.000000
1.000000 0.000000
1.000000 0.000000
0.000000 1.000000
0.108033 0.671317
1.000000 0.000000
0.078416 0.719972
0.213918 0.537488
1.000000 0.000000
0.098686 0.685864
0.392947 0.373145
1.000000 0.000000
0.000000 1.000000
1.000000 0.000000
0.051395 0.773296
1.000000 0.000000
0.693804 0.167051
0.000000 1.000000
0.000000 1.000000
0.000000 1.000000
0.602203 0.223983
0.479710 0.307512
0.000000 1.000000
0.154003 0.607567
1.000000 0.000000
0.729028 0.146169
1.000000 0.000000
0.000000 1.000000
0.000000 1.000000
0.000000 1.000000
1.000000 0.000000
0.000000 1.000000
0.550471 0.258063
0.000000 1.000000
0.648451 0.194735
0.000000 1.000000
0.000000 1.000000
0.000000 1.000000
0.000000 1.000000
0.000000 1.000000
0.000000 1.000000
0.000000 1.000000
0.000000 1.000000
1.000000 0.000000
0.000000 1.000000
0.774425 0.119986
0.000000 1.000000
0.639696 0.200190
1.000000 0.000000
0.401173 0.366617
0.013254 0.884873
0.077545 0.721531
0.244051 0.505985
0.000000 1.000000
0.480635 0.306721
0.646084 0.196207
0.000000 1.000000
0.489946 0.300039
0.813739 0.097925
0.000000 1.000000
0.000000 1.000000
0.000000 1.000000
0.000000 1.000000
0.405845 0.362941
0.000000 1.000000
0.524831 0.275548
0.000000 1.000000
0.197085 0.556057
0.000000 1.000000
0.713216 0.155479
0.155248 0.605984
1.000000 0.000000
0.000000 1.000000
0.000000 1.000000
0.313365 0.440432
0.000000 1.000000
0.000000 1.000000
0.000000 1.000000
0.000000 1.000000
0.640660 0.199587
0.000000 1.000000
0.154742 0.606627
0.778155 0.117869
0.474438 0.311205
0.054272 0.767037
0.000000 1.000000
0.000000 1.000000
1.000000 0.000000
0.000000 1.000000
0.000000 1.000000
1.000000 0.000000
0.000000 1.000000
1.000000 0.000000
0.433914 0.341324
0.334129 0.421961
1.000000 0.000000
0.856909 0.074306
1.000000 0.000000
1.000000 0.000000
0.000000 1.000000
1.000000 0.000000
1.000000 0.000000
0.178324 0.577715
0.286984 0.464291
0.000000 1.000000
0.000000 1.000000
1.000000 0.000000
0.482111 0.305658
0.000000 1.000000
0.132360 0.636187
0.528218 0.273214
0.000000 1.000000
0.094466 0.692646
0.295162 0.456712
1.000000 0.000000
0.000000 1.000000
0.000000 1.000000
0.000000 1.000000
0.054038 0.767539
0.000000 1.000000
0.750452 0.133714
0.000000 1.000000
0.420826 0.351289
0.417248 0.354053
1.000000 0.000000
0.402798 0.365336
0.000000 1.000000
0.395822 0.370856
0.158009 0.602497
0.841468 0.082684
0.674182 0.178914
0.310119 0.443123
0.135065 0.632488
0.000000 1.000000
0.000000 1.000000
0.000000 1.000000
0.781755 0.115831
0.640638 0.199601
0.484754 0.303758
0.000000 1.000000
0.705298 0.160180
0.256790 0.493255
0.000000 1.000000
0.000000 1.000000
0.000000 1.000000
0.101762 0.680998
0.000000 1.000000
0.986596 0.007810
0.000000 1.000000
0.000000 1.000000
0.798787 0.106251
0.245509 0.504512
0.439004 0.337426
0.781225 0.117408
0.000000 1.000000
0.270845 0.479948
0.101762 0.680998
1.000000 0.000000
0.126431 0.644429
1.000000 0.000000
0.000000 1.000000
0.080631 0.716045
0.318696 0.435468
1.000000 0.000000
0.000000 1.000000
0.775758 0.119229
0.000000 1.000000
1.000000 0.000000
0.000000 1.000000
0.000000 1.000000
0.580930 0.239482
0.000000 1.000000
1.000000 0.000000
0.000000 1.000000
0.000000 1.000000
0.799866 0.105648
0.000000 1.000000
0.000000 1.000000
0.000000 1.000000
0.000000 1.000000
0.000000 1.000000
0.000000 1.000000
1.000000 0.000000
0.000000 1.000000
0.199356 0.553507
1.000000 0.000000
0.000000 1.000000
0.000000 1.000000
0.000000 1.000000
0.000000 1.000000
0.374867 0.387736
0.072502 0.730737
0.643165 0.198024
0.727318 0.147171
0.000000 1.000000
0.000000 1.000000
0.000000 1.000000
0.020776 0.855860
0.237303 0.512862
0.000000 1.000000
1.000000 0.000000
0.000000 1.000000
0.290502 0.461018
0.000000 1.000000
0.494313 0.296926
1.000000 0.000000
0.511245 0.284986
1.000000 0.000000
0.000000 1.000000
0.000000 1.000000
0.181502 0.573970
0.000000 1.000000
0.406336 0.362555
1.000000 0.000000
0.000000 1.000000
0.150074 0.612606
0.779847 0.116911
0.000000 1.000000
0.414413 0.356251
0.000000 1.000000
0.000000 1.000000
1.000000 0.000000
0.765537 0.125050
1.000000 0.000000
0.199284 0.553588
0.278868 0.471920
0.000000 1.000000
0.053821 0.768006
0.105957 0.674490
0.761645 0.127277
0.081875 0.713862
0.000000 1.000000
0.081875 0.713862
0.000000 1.000000
0.385303 0.379273
0.000000 1.000000
0.000000 1.000000
0.362408 0.397997
0.148976 0.614026
0.000000 1.000000
0.000000 1.000000
0.226501 0.524079
0.000000 1.000000
0.000000 1.000000
1.000000 0.000000
0.000000 1.000000
0.000000 1.000000
0.786132 0.113359
0.000000 1.000000
0.000000 1.000000
0.046439 0.784606
1.000000 0.000000
0.000000 1.000000
0.000000 1.000000
0.000000 1.000000
0.000000 1.000000
0.000000 1.000000
0.000000 1.000000
0.000000 1.000000
0.000000 1.000000
0.000000 1.000000
0.637623 0.201487
1.000000 0.000000
0.000000 1.000000
0.000000 1.000000
0.000000 1.000000
0.000000 1.000000
0.000000 1.000000
0.000000 1.000000
1.000000 0.000000
1.000000 0.000000
0.000000 1.000000
0.000000 1.000000
0.000000 1.000000
0.000000 1.000000
0.000000 1.000000
1.000000 0.000000
0.000000 1.000000
0.071656 0.732313
1.000000 0.000000
0.000000 1.000000
0.000000 1.000000
0.000000 1.000000
0.000000 1.000000
0.000000 1.000000
0.000000 1.000000
0.000000 1.000000
0.472208 0.312826
0.000000 1.000000
0.608423 0.219985
0.229481 0.520958
0.083877 0.710384
0.071888 0.731882
0.373259 0.389051
0.109374 0.669283
0.000000 1.000000
0.000000 1.000000
1.000000 0.000000
0.000000 1.000000
1.000000 0.000000
0.000000 1.000000
0.000000 1.000000
0.491642 0.298828
0.000000 1.000000
0.516137 0.281573
0.000000 1.000000
0.000000 1.000000
0.000000 1.000000
0.000000 1.000000
1.000000 0.000000
1.000000 0.000000
0.000000 1.000000
0.000000 1.000000
1.000000 0.000000
0.000000 1.000000
0.000000 1.000000
0.000000 1.000000
0.000000 1.000000
1.000000 0.000000
0.000000 1.000000
1.000000 0.000000
0.000000 1.000000
0.000000 1.000000
0.219846 0.531122
0.128947 0.640909
0.341281 0.415808
0.000000 1.000000
0.000000 1.000000
0.145946 0.617971
1.000000 0.000000
0.000000 1.000000
0.000000 1.000000
0.555074 0.254967
1.000000 0.000000
0.000000 1.000000
1.000000 0.000000
0.000000 1.000000
0.000000 1.000000
0.000000 1.000000
0.271999 0.478465
0.546487 0.260752
0.000000 1.000000
0.000000 1.000000
0.000000 1.000000
0.000000 1.000000
1.000000 0.000000
0.681088 0.174720
0.000000 1.000000
0.336589 0.419837
0.433436 0.341642
0.000000 1.000000
0.579975 0.238439
0.158401 0.602004
0.000000 1.000000
1.000000 0.000000
1.000000 0.000000
0.000000 1.000000
0.000000 1.000000
0.461904 0.320365
0.000000 1.000000
0.433436 0.341642
0.108776 0.670188
0.000000 1.000000
0.195545 0.557795
1.000000 0.000000
0.000000 1.000000
0.000000 1.000000
0.000000 1.000000
0.000000 1.000000
0.263365 0.486809
0.126139 0.644842
0.223908 0.526811
0.352512 0.406273
0.000000 1.000000
0.000000 1.000000
1.000000 0.000000
1.000000 0.000000
0.756356 0.130313
0.117402 0.657362
0.000000 1.000000
1.000000 0.000000
1.000000 0.000000
0.000000 1.000000
0.397991 0.369134
0.000000 1.000000
0.000000 1.000000
0.000000 1.000000
0.516308 0.281455
0.000000 1.000000
0.461279 0.320825
0.000000 1.000000
0.000000 1.000000
0.000000 1.000000
1.000000 0.000000
0.410556 0.359254
0.101206 0.681871
0.000000 1.000000
0.605106 0.222114
0.625011 0.209423
0.000000 1.000000
0.000000 1.000000
0.000000 1.000000
0.000000 1.000000
0.000000 1.000000
0.000000 1.000000
0.000000 1.000000
0.383696 0.380568
1.000000 0.000000
0.695368 0.166113
1.000000 0.000000
0.000000 1.000000
0.000000 1.000000
0.000000 1.000000
1.000000 0.000000
0.562461 0.250367
0.040312 0.799221
1.000000 0.000000
0.148482 0.614666
0.154624 0.606796
0.000000 1.000000
1.000000 0.000000
1.000000 0.000000
0.000000 1.000000
0.000000 1.000000
0.816712 0.096570
1.000000 0.000000
0.845177 0.080665
0.000000 1.000000
0.000000 1.000000
0.289407 0.462034
0.000000 1.000000
0.000000 1.000000
1.000000 0.000000
0.000000 1.000000
0.000000 1.000000
0.838389 0.084364
0.517803 0.280415
0.000000 1.000000
0.000000 1.000000
0.000000 1.000000
0.239201 0.510918
0.000000 1.000000
0.800974 0.105028
0.690234 0.169197
0.739404 0.140114
0.000000 1.000000
0.739096 0.140829
0.000000 1.000000
0.000000 1.000000
0.000000 1.000000
0.000000 1.000000
0.577660 0.239960
0.789761 0.111315
0.000000 1.000000
0.000000 1.000000
0.000000 1.000000
0.000000 1.000000
0.000000 1.000000
0.000000 1.000000
0.267914 0.482396
1.000000 0.000000
0.468727 0.315363
0.751034 0.133378
0.000000 1.000000
0.000000 1.000000
0.526047 0.274709
0.074042 0.727892
0.464514 0.318447
0.464777 0.318255
1.000000 0.000000
0.000000 1.000000
0.038027 0.804996
1.000000 0.000000
0.000000 1.000000
0.000000 1.000000
0.000000 1.000000
0.145426 0.618652
0.790090 0.111130
1.000000 0.000000
0.000000 1.000000
0.000000 1.000000
1.000000 0.000000
0.000000 1.000000
0.000000 1.000000
0.064980 0.745088
1.000000 0.000000
0.000000 1.000000
1.000000 0.000000
0.000000 1.000000
0.744299 0.137272
0.000000 1.000000
0.289032 0.462435
1.000000 0.000000
0.450201 0.329030
1.000000 0.000000
1.000000 0.000000
0.000000 1.000000
0.980819 0.009637
1.000000 0.000000
1.000000 0.000000
0.000000 1.000000
0.183533 0.571614
0.289032 0.462435
0.200820 0.551870
0.315213 0.438562
0.434863 0.340558
0.078989 0.718950
0.000000 1.000000
0.000000 1.000000
0.000000 1.000000
1.000000 0.000000
0.000000 1.000000
0.000000 1.000000
1.000000 0.000000
0.194651 0.558808
1.000000 0.000000
1.000000 0.000000
1.000000 0.000000
0.279241 0.471567
1.000000 0.000000
1.000000 0.000000
0.807583 0.101344
0.000000 1.000000
0.000000 1.000000
0.000000 1.000000
0.000000 1.000000
0.000000 1.000000
0.068916 0.737482
0.000000 1.000000
0.000000 1.000000
0.000000 1.000000
1.000000 0.000000
0.000000 1.000000
0.603073 0.223423
0.729558 0.145858
0.000000 1.000000
0.000000 1.000000
0.215250 0.536050
0.000000 1.000000
0.735851 0.142182
1.000000 0.000000
0.000000 1.000000
1.000000 0.000000
0.000000 1.000000
0.000000 1.000000
0.000000 1.000000
0.738211 0.140808
0.286557 0.464689
1.000000 0.000000
1.000000 0.000000
0.293733 0.458028
0.100258 0.683364
0.000000 1.000000
0.257785 0.492275
0.363636 0.396978
0.000000 1.000000
0.338525 0.418569
0.000000 1.000000
0.000000 1.000000
0.035016 0.812875
1.000000 0.000000
0.793430 0.109253
0.000000 1.000000
0.627514 0.207842
0.458377 0.322964
0.000000 1.000000
1.000000 0.000000
0.338525 0.418569
0.000000 1.000000
0.313710 0.439902
0.526393 0.274470
0.000000 1.000000
1.000000 0.000000
0.916437 0.042693
0.327210 0.427977
0.000000 1.000000
1.000000 0.000000
0.076332 0.723718
0.182676 0.572594
0.212077 0.539482
0.000000 1.000000
0.000000 1.000000
0.000000 1.000000
0.000000 1.000000
0.000000 1.000000
0.000000 1.000000
0.589179 0.232420
0.000000 1.000000
0.463394 0.319269
0.000000 1.000000
0.102992 0.679077
0.000000 1.000000
0.102992 0.679077
1.000000 0.000000
0.000000 1.000000
0.000000 1.000000
0.000000 1.000000
0.636661 0.202090
1.000000 0.000000
0.000000 1.000000
0.000000 1.000000
0.972416 0.013888
1.000000 0.000000
1.000000 0.000000
1.000000 0.000000
0.000000 1.000000
0.749892 0.134037
1.000000 0.000000
0.243129 0.506919
0.544576 0.262046
0.819435 0.094774
0.000000 1.000000
0.000000 1.000000
0.479261 0.307713
0.090697 0.698841
0.022223 0.850928
0.000000 1.000000
0.159763 0.600296
0.730960 0.145038
0.000000 1.000000
1.000000 0.000000
1.000000 0.000000
0.321676 0.432835
0.758128 0.129294
0.000000 1.000000
0.174400 0.582388
0.000000 1.000000
0.848333 0.078950
0.000000 1.000000
1.000000 0.000000
0.418205 0.353312
1.000000 0.000000
0.000000 1.000000
0.764097 0.125873
0.557419 0.253395
0.000000 1.000000
0.000000 1.000000
0.569223 0.245531
0.264433 0.486074
0.000000 1.000000
0.000000 1.000000
0.722014 0.150286
1.000000 0.000000
0.000000 1.000000
0.000000 1.000000
0.000000 1.000000
1.000000 0.000000
0.000000 1.000000
0.000000 1.000000
0.000000 1.000000
0.000000 1.000000
0.497475 0.294681
0.453169 0.326922
0.481575 0.306162
0.262517 0.487636
1.000000 0.000000
0.501214 0.292035
0.000000 1.000000
0.000000 1.000000
0.449633 0.329453
0.000000 1.000000
0.041583 0.796081
0.714976 0.154437
0.552994 0.256364
0.000000 1.000000
0.196428 0.556798
0.706256 0.159610
0.000000 1.000000
1.000000 0.000000
0.059647 0.755773
0.000000 1.000000
0.119041 0.654977
1.000000 0.000000
0.000000 1.000000
0.000000 1.000000
0.000000 1.000000
0.859635 0.072835
1.000000 0.000000
0.298021 0.454087
0.000000 1.000000
0.000000 1.000000
0.000000 1.000000
0.090808 0.698682
0.000000 1.000000
1.000000 0.000000
1.000000 0.000000
0.130459 0.638808
0.333431 0.422581
0.000000 1.000000
0.000000 1.000000
0.000000 1.000000
1.000000 0.000000
0.000000 1.000000
0.918931 0.041391
0.000000 1.000000
1.000000 0.000000
0.000000 1.000000
0.000000 1.000000
1.000000 0.000000
0.076730 0.722998
0.461652 0.320558
0.000000 1.000000
0.322275 0.432307
0.023144 0.847868
0.000000 1.000000
0.000000 1.000000
0.000000 1.000000
0.000000 1.000000
0.000000 1.000000
0.123710 0.648276
0.000000 1.000000
0.212049 0.539512
1.000000 0.000000
0.000000 1.000000
0.301936 0.450513
1.000000 0.000000
0.000000 1.000000
0.552155 0.258666
0.000000 1.000000
0.281558 0.469380
0.295421 0.456473
0.000000 1.000000
0.000000 1.000000
0.526716 0.274248
0.000000 1.000000
0.000000 1.000000
0.000000 1.000000
0.000000 1.000000
0.000000 1.000000
0.546888 0.260481
0.108166 0.671114
0.467210 0.316472
0.774314 0.120049
0.000000 1.000000
1.000000 0.000000
1.000000 0.000000
0.000000 1.000000
0.354247 0.404813
0.755495 0.130808
0.000000 1.000000
0.026792 0.836317
1.000000 0.000000
1.000000 0.000000
0.107194 0.672595
1.000000 0.000000
0.196493 0.556725
1.000000 0.000000
0.000000 1.000000
0.795922 0.107855
0.000000 1.000000
0.058319 0.758506
0.000000 1.000000
0.699338 0.163736
0.220853 0.530050
0.000000 1.000000
1.000000 0.000000
0.000000 1.000000
0.526428 0.274446
1.000000 0.000000
0.000000 1.000000
0.000000 1.000000
0.000000 1.000000
0.420542 0.351508
0.042953 0.792750
0.000000 1.000000
0.000000 1.000000
0.000000 1.000000
0.000000 1.000000
0.000000 1.000000
0.111919 0.665458
0.066908 0.741335
0.000000 1.000000
1.000000 0.000000
0.000000 1.000000
0.000000 1.000000
0.828491 0.089785
0.000000 1.000000
0.000000 1.000000
1.000000 0.000000
0.568189 0.246217
0.000000 1.000000
1.000000 0.000000
0.000000 1.000000
0.821327 0.093845
0.663171 0.185647
0.000000 1.000000
0.093787 0.693754
0.084968 0.708507
0.000000 1.000000
0.000000 1.000000
0.060417 0.754201
0.257735 0.492324
0.000000 1.000000
0.000000 1.000000
1.000000 0.000000
0.000000 1.000000
0.666060 0.183875
0.677358 0.176982
0.000000 1.000000
0.465769 0.317528
0.000000 1.000000
0.067276 0.740625
0.000000 1.000000
0.597816 0.226815
0.000000 1.000000
0.000000 1.000000
1.000000 0.000000
0.268961 0.481385
1.000000 0.000000
0.000000 1.000000
0.000000 1.000000
0.000000 1.000000
1.000000 0.000000
0.685038 0.172330
1.000000 0.000000
1.000000 0.000000
0.128030 0.642187
0.217222 0.533929
1.000000 0.000000
0.736887 0.141579
0.000000 1.000000
0.000000 1.000000
0.075169 0.726058
0.115266 0.660491
1.000000 0.000000
0.141764 0.623485
0.000000 1.000000
0.000000 1.000000
0.000000 1.000000
1.000000 0.000000
0.000000 1.000000
0.280399 0.470473
0.000000 1.000000
0.000000 1.000000
0.000000 1.000000
0.229490 0.520949
0.371406 0.390569
0.000000 1.000000
0.000000 1.000000
0.832718 0.087466
0.000000 1.000000
0.349262 0.409016
0.169525 0.588265
0.349262 0.409016
0.000000 1.000000
0.000000 1.000000
0.701080 0.163074
0.036882 0.807954
0.000000 1.000000
0.000000 1.000000
0.068775 0.737749
0.085624 0.707384
0.000000 1.000000
0.000000 1.000000
0.090243 0.699595
0.000000 1.000000
0.000000 1.000000
0.000000 1.000000
0.199303 0.557116
0.000000 1.000000
0.000000 1.000000
1.000000 0.000000
0.682611 0.173797
0.000000 1.000000
0.000000 1.000000
0.000000 1.000000
0.086234 0.706344
0.000000 1.000000
0.000000 1.000000
0.000000 1.000000
0.373649 0.388731
0.107151 0.672661
1.000000 0.000000
0.501941 0.291522
0.000000 1.000000
1.000000 0.000000
0.000000 1.000000
0.195772 0.557539
0.000000 1.000000
0.000000 1.000000
1.000000 0.000000
0.164891 0.593932
0.000000 1.000000
0.000000 1.000000
0.000000 1.000000
0.000000 1.000000
0.000000 1.000000
0.000000 1.000000
0.609024 0.219600
1.000000 0.000000
0.432318 0.342491
0.738236 0.140794
0.042328 0.794263
1.000000 0.000000
0.000000 1.000000
0.884756 0.059385
1.000000 0.000000
0.000000 1.000000
1.000000 0.000000
0.000000 1.000000
1.000000 0.000000
1.000000 0.000000
0.105246 0.675584
0.000000 1.000000
1.000000 0.000000
1.000000 0.000000
0.422943 0.349659
0.174648 0.582090
0.000000 1.000000
0.082712 0.712402
1.000000 0.000000
0.000000 1.000000
0.782189 0.116405
1.000000 0.000000
0.000000 1.000000
0.447913 0.330737
0.000000 1.000000
0.011428 0.893099
0.508047 0.287226
0.167071 0.592614
0.000000 1.000000
0.707076 0.159122
0.105268 0.675550
1.000000 0.000000
0.026840 0.836172
1.000000 0.000000
0.393066 0.373050
0.000000 1.000000
0.000000 1.000000
1.000000 0.000000
1.000000 0.000000
0.351943 0.406752
1.000000 0.000000
0.791332 0.110432
0.000000 1.000000
0.000000 1.000000
0.000000 1.000000
0.000000 1.000000
0.817700 0.095733
0.000000 1.000000
0.000000 1.000000
1.000000 0.000000
0.000000 1.000000
0.083098 0.711732
0.755641 0.130724
0.050482 0.775318
0.000000 1.000000
0.000000 1.000000
1.000000 0.000000
0.000000 1.000000
0.024657 0.858337
0.000000 1.000000
1.000000 0.000000
0.000000 1.000000
0.000000 1.000000
0.082673 0.712471
0.000000 1.000000
1.000000 0.000000
0.000000 1.000000
0.293070 0.458641
0.000000 1.000000
0.000000 1.000000
0.808413 0.100882
0.097504 0.687744
0.000000 1.000000
0.000000 1.000000
0.251251 0.498750
0.278454 0.472313
0.549875 0.258465
0.000000 1.000000
0.000000 1.000000
1.000000 0.000000
0.572113 0.243618
0.000000 1.000000
0.069126 0.737082
0.000000 1.000000
0.137101 0.629728
0.154250 0.607254
0.000000 1.000000
0.000000 1.000000
0.000000 1.000000
0.000000 1.000000
0.545050 0.261725
0.000000 1.000000
0.147316 0.616183
0.000000 1.000000
1.000000 0.000000
1.000000 0.000000
0.000000 1.000000
0.326849 0.428293
0.081811 0.713974
1.000000 0.000000
1.000000 0.000000
1.000000 0.000000
1.000000 0.000000
0.302965 0.449577
0.000000 1.000000
0.000000 1.000000
0.000000 1.000000
0.000000 1.000000
1.000000 0.000000
0.242631 0.507424
0.000000 1.000000
0.071589 0.732438
0.052988 0.769810
0.204372 0.547924
1.000000 0.000000
0.351681 0.406973
1.000000 0.000000
0.390568 0.375046
0.000000 1.000000
0.000000 1.000000
1.000000 0.000000
0.000000 1.000000
0.204372 0.547924
0.000000 1.000000
0.210226 0.541496
1.000000 0.000000
0.000000 1.000000
0.000000 1.000000
0.484692 0.303802
0.324442 0.430401
0.100668 0.682718
0.562664 0.249891
0.256707 0.493337
1.000000 0.000000
0.000000 1.000000
0.000000 1.000000
0.730286 0.145433
0.000000 1.000000
0.766325 0.124600
0.000000 1.000000
0.000000 1.000000
0.000000 1.000000
0.000000 1.000000
0.232757 0.517551
0.000000 1.000000
0.258261 0.491806
0.000000 1.000000
0.000000 1.000000
0.727647 0.146978
0.000000 1.000000
0.280927 0.469975
0.000000 1.000000
0.000000 1.000000
0.000000 1.000000
0.231971 0.518366
0.000000 1.000000
0.000000 1.000000
0.122792 0.649583
0.143233 0.621539
0.000000 1.000000
0.000000 1.000000
0.667101 0.183237
0.075677 0.724906
0.358791 0.401008
0.085652 0.707337
0.000000 1.000000
0.000000 1.000000
1.000000 0.000000
0.000000 1.000000
0.000000 1.000000
0.295198 0.456679
0.504329 0.289839
1.000000 0.000000
0.000000 1.000000
0.140509 0.625155
0.000000 1.000000
0.000000 1.000000
0.223845 0.526878
0.000000 1.000000
0.000000 1.000000
0.000000 1.000000
1.000000 0.000000
0.000000 1.000000
0.000000 1.000000
0.436648 0.339206
0.598572 0.226326
0.450743 0.328626
0.000000 1.000000
0.553023 0.256345
0.000000 1.000000
0.000000 1.000000
1.000000 0.000000
0.000000 1.000000
0.323356 0.431356
0.633365 0.204158
1.000000 0.000000
0.707522 0.158857
0.402983 0.365191
0.087670 0.703908
0.526049 0.274708
1.000000 0.000000
0.000000 1.000000
0.269633 0.480738
1.000000 0.000000
0.000000 1.000000
0.025801 0.839372
0.000000 1.000000
0.000000 1.000000
0.784493 0.114284
0.176048 0.580419
1.000000 0.000000
0.000000 1.000000
0.000000 1.000000
0.000000 1.000000
0.100502 0.683545
0.000000 1.000000
0.000000 1.000000
0.778817 0.117494
0.000000 1.000000
0.384654 0.379796
1.000000 0.000000
1.000000 0.000000
0.137632 0.629538
1.000000 0.000000
0.000000 1.000000
0.514191 0.283101
0.244040 0.505996
0.550228 0.258227
0.000000 1.000000
0.000000 1.000000
1.000000 0.000000
0.000000 1.000000
0.000000 1.000000
1.000000 0.000000
1.000000 0.000000
0.000000 1.000000
0.000000 1.000000
1.000000 0.000000
0.000000 1.000000
0.485766 0.303031
0.000000 1.000000
0.000000 1.000000
1.000000 0.000000
0.000000 1.000000
0.000000 1.000000
0.309697 0.444105
0.415540 0.355376
0.000000 1.000000
0.105475 0.675231
1.000000 0.000000
0.000000 1.000000
0.000000 1.000000
0.669922 0.181513
0.000000 1.000000
0.094710 0.692250
0.000000 1.000000
0.000000 1.000000
0.704722 0.160523
0.065765 0.743553
0.143884 0.620679
0.411433 0.358570
0.569826 0.245132
0.000000 1.000000
1.000000 0.000000
1.000000 0.000000
0.000000 1.000000
0.843763 0.081434
0.000000 1.000000
0.488784 0.300869
0.829673 0.089136
0.564538 0.248643
0.313428 0.440153
1.000000 0.000000
0.550289 0.258186
1.000000 0.000000
0.437477 0.338580
0.000000 1.000000
0.000000 1.000000
0.000000 1.000000
0.350263 0.408170
0.000000 1.000000
0.000000 1.000000
0.000000 1.000000
0.000000 1.000000
0.564629 0.248582
0.000000 1.000000
1.000000 0.000000
0.181320 0.574184
0.000000 1.000000
0.041446 0.796417
0.744798 0.136983
0.000000 1.000000
1.000000 0.000000
0.550289 0.258186
0.292245 0.459403
0.132343 0.636211
0.222089 0.528737
0.713722 0.155179
0.000000 1.000000
0.033823 0.816089
0.545510 0.261413
0.378174 0.385042
0.387575 0.377445
0.000000 1.000000
1.000000 0.000000
0.000000 1.000000
0.000000 1.000000
1.000000 0.000000
0.153268 0.608506
0.359175 0.400688
0.000000 1.000000
0.238310 0.511830
0.437320 0.338699
0.647623 0.195250
0.000000 1.000000
0.766117 0.124719
0.000000 1.000000
0.284839 0.466297
0.573325 0.242818
1.000000 0.000000
0.000000 1.000000
1.000000 0.000000
1.000000 0.000000
0.000000 1.000000
1.000000 0.000000
1.000000 0.000000
0.000000 1.000000
0.000000 1.000000
0.840116 0.083421
1.000000 0.000000
0.358110 0.401577
1.000000 0.000000
0.000000 1.000000
1.000000 0.000000
0.000000 1.000000
1.000000 0.000000
1.000000 0.000000
0.000000 1.000000
0.653370 0.191687
0.462448 0.319965
0.066682 0.741771
0.289253 0.462177
1.000000 0.000000
0.132208 0.636396
1.000000 0.000000
0.000000 1.000000
1.000000 0.000000
0.533811 0.269376
0.000000 1.000000
0.416591 0.354561
0.000000 1.000000
0.043320 0.791866
1.000000 0.000000
0.892029 0.055527
0.000000 1.000000
0.737091 0.141460
0.300639 0.451694
0.484357 0.304042
0.000000 1.000000
0.000000 1.000000
0.000000 1.000000
1.000000 0.000000
0.804196 0.103230
0.000000 1.000000
0.336360 0.420035
0.125751 0.645387
0.000000 1.000000
0.000000 1.000000
0.284480 0.466633
0.000000 1.000000
0.340109 0.416811
1.000000 0.000000
1.000000 0.000000
0.907728 0.047252
0.777882 0.118024
0.400123 0.367447
0.000000 1.000000
0.270039 0.480347
0.000000 1.000000
0.483398 0.304731
0.517575 0.280573
1.000000 0.000000
0.000000 1.000000
0.000000 1.000000
0.000000 1.000000
0.000000 1.000000
0.000000 1.000000
0.000000 1.000000
1.000000 0.000000
0.000000 1.000000
0.102406 0.679990
0.613153 0.216959
0.694711 0.166506
0.000000 1.000000
0.729502 0.145891
0.382713 0.381362
1.000000 0.000000
0.668383 0.182453
0.000000 1.000000
0.109129 0.669654
0.513641 0.283313
0.170769 0.586758
0.051309 0.773485
0.000000 1.000000
0.000000 1.000000
0.000000 1.000000
0.461338 0.320782
1.000000 0.000000
0.000000 1.000000
0.787458 0.112743
0.000000 1.000000
0.840662 0.083124
0.000000 1.000000
1.000000 0.000000
1.000000 0.000000
0.142300 0.622774
1.000000 0.000000
0.296199 0.455758
0.000000 1.000000
0.000000 1.000000
0.000000 1.000000
0.586625 0.234086
0.000000 1.000000
0.000000 1.000000
1.000000 0.000000
0.000000 1.000000
1.000000 0.000000
0.159399 0.600753
0.493907 0.297671
0.153177 0.608621
0.849768 0.078171
0.000000 1.000000
0.588534 0.232841
0.000000 1.000000
0.103363 0.678499
0.748508 0.134837
0.000000 1.000000
1.000000 0.000000
1.000000 0.000000
1.000000 0.000000
0.201450 0.551168
0.000000 1.000000
0.610344 0.218755
0.693484 0.167243
0.028374 0.831554
0.116354 0.658893
0.000000 1.000000
0.000000 1.000000
0.010638 0.896861
0.000000 1.000000
0.651008 0.193149
0.047986 0.780942
0.000000 1.000000
0.000000 1.000000
1.000000 0.000000
0.074566 0.739881
0.117426 0.657326
0.687674 0.170739
0.000000 1.000000
0.000000 1.000000
0.000000 1.000000
0.265659 0.484633
0.103989 0.677526
0.473904 0.311593
0.236024 0.514177
0.000000 1.000000
0.000000 1.000000
1.000000 0.000000
0.000000 1.000000
0.081153 0.715126
0.859765 0.072765
0.046425 0.784536
1.000000 0.000000
0.000000 1.000000
0.000000 1.000000
0.694179 0.166826
0.000000 1.000000
0.314070 0.439581
0.000000 1.000000
0.291735 0.459875
0.343262 0.414114
0.000000 1.000000
0.000000 1.000000
0.000000 1.000000
0.027593 0.833889
0.000000 1.000000
0.216035 0.535205
1.000000 0.000000
0.000000 1.000000
0.755441 0.130839
0.717365 0.153026
0.174753 0.581966
0.000000 1.000000
0.019641 0.859855
0.258087 0.491977
0.760260 0.128071
0.067358 0.740490
0.000000 1.000000
0.264818 0.485395
0.603759 0.222981
0.000000 1.000000
0.421648 0.350656
0.000000 1.000000
1.000000 0.000000
0.133036 0.635259
0.116520 0.658649
0.481589 0.306034
0.000000 1.000000
0.318728 0.435440
0.000000 1.000000
0.315263 0.438517
0.000000 1.000000
0.000000 1.000000
0.328733 0.426647
0.251498 0.498504
1.000000 0.000000
1.000000 0.000000
0.000000 1.000000
0.000000 1.000000
0.058335 0.758474
0.821781 0.093479
1.000000 0.000000
0.821781 0.093479
0.000000 1.000000
0.647510 0.195320
1.000000 0.000000
1.000000 0.000000
0.211001 0.540705
1.000000 0.000000
0.783099 0.115071
1.000000 0.000000
0.142728 0.622207
0.337217 0.419296
0.427778 0.345952
1.000000 0.000000
0.000000 1.000000
0.000000 1.000000
1.000000 0.000000
0.062893 0.749215
0.910625 0.045733
0.082725 0.712380
0.910625 0.045733
0.286638 0.464614
0.294055 0.457732
1.000000 0.000000
0.536500 0.267538
0.480848 0.306568
0.196207 0.557048
0.000000 1.000000
0.000000 1.000000
0.719477 0.151780
0.513994 0.283066
0.000000 1.000000
0.000000 1.000000
0.000000 1.000000
0.059819 0.755420
0.768364 0.123436
0.024171 0.844531
0.000000 1.000000
0.078453 0.719906
1.000000 0.000000
0.420325 0.351675
0.000000 1.000000
0.000000 1.000000
0.232219 0.518109
0.472372 0.312706
0.326930 0.428222
1.000000 0.000000
0.243194 0.506853
0.000000 1.000000
0.000000 1.000000
1.000000 0.000000
0.898488 0.052114
0.000000 1.000000
0.000000 1.000000
0.000000 1.000000
0.498697 0.294014
1.000000 0.000000
0.045581 0.786502
0.000000 1.000000
0.028856 0.830130
0.000000 1.000000
1.000000 0.000000
0.000000 1.000000
0.380806 0.382905
0.457958 0.323511
1.000000 0.000000
0.737378 0.141293
0.000000 1.000000
0.000000 1.000000
0.000000 1.000000
0.711642 0.156411
0.546826 0.260523
0.000000 1.000000
0.287915 0.463423
0.408134 0.361147
0.000000 1.000000
1.000000 0.000000
0.000000 1.000000
0.000000 1.000000
0.000000 1.000000
0.409942 0.359733
0.000000 1.000000
0.000000 1.000000
0.000000 1.000000
0.000000 1.000000
0.000000 1.000000
0.695638 0.165951
0.074567 0.726930
1.000000 0.000000
0.747354 0.135504
0.000000 1.000000
0.000000 1.000000
0.000000 1.000000
0.000000 1.000000
0.012860 0.886598
0.000000 1.000000
0.567955 0.246372
1.000000 0.000000
0.000000 1.000000
1.000000 0.000000
0.000000 1.000000
0.064257 0.746511
0.000000 1.000000
0.471221 0.313544
0.000000 1.000000
0.000000 1.000000
1.000000 0.000000
1.000000 0.000000
1.000000 0.000000
0.207234 0.544770
0.000000 1.000000
1.000000 0.000000
0.000000 1.000000
0.295713 0.456205
0.000000 1.000000
0.061750 0.751504
0.000000 1.000000
0.000000 1.000000
0.888898 0.057186
0.050668 0.774905
0.394066 0.372253
1.000000 0.000000
0.000000 1.000000
0.000000 1.000000
0.108333 0.670860
0.000000 1.000000
0.000000 1.000000
0.742279 0.138444
0.000000 1.000000
0.967928 0.016167
0.000000 1.000000
1.000000 0.000000
0.824413 0.092028
0.729310 0.146003
0.902747 0.049870
0.000000 1.000000
0.061614 0.751779
0.000000 1.000000
0.228292 0.522201
0.000000 1.000000
0.967928 0.016167
1.000000 0.000000
1.000000 0.000000
0.000000 1.000000
0.573735 0.242547
0.084417 0.710070
0.175836 0.580672
0.770926 0.121976
0.056146 0.763048
0.000000 1.000000
1.000000 0.000000
1.000000 0.000000
0.000000 1.000000
1.000000 0.000000
0.000000 1.000000
0.000000 1.000000
0.026384 0.837568
1.000000 0.000000
1.000000 0.000000
0.000000 1.000000
0.000000 1.000000
0.733347 0.143643
0.076108 0.724122
0.000000 1.000000
0.000000 1.000000
0.134581 0.633148
0.510153 0.285750
0.000000 1.000000
0.832718 0.087466
0.000000 1.000000
0.590736 0.231407
1.000000 0.000000
0.000000 1.000000
0.547316 0.260934
0.106935 0.672990
0.058720 0.757677
0.755458 0.130829
0.093621 0.694025
0.000000 1.000000
0.000000 1.000000
0.000000 1.000000
0.000000 1.000000
0.000000 1.000000
0.747487 0.135427
1.000000 0.000000
0.043554 0.792310
0.518954 0.279615
0.000000 1.000000
0.000000 1.000000
1.000000 0.000000
0.000000 1.000000
0.000000 1.000000
0.189434 0.564760
0.000000 1.000000
0.000000 1.000000
1.000000 0.000000
1.000000 0.000000
0.000000 1.000000
1.000000 0.000000
0.149537 0.613300
0.544540 0.262071
0.711014 0.156784
0.000000 1.000000
0.067359 0.741499
0.000000 1.000000
0.397882 0.369221
1.000000 0.000000
0.000000 1.000000
0.746442 0.136031
0.000000 1.000000
0.000000 1.000000
0.439261 0.337232
0.000000 1.000000
0.000000 1.000000
0.304169 0.448484
0.838289 0.084419
0.000000 1.000000
0.526916 0.274110
0.264615 0.485593
1.000000 0.000000
0.007127 0.915610
0.000000 1.000000
0.670158 0.181368
0.783408 0.115516
0.000000 1.000000
0.215899 0.535351
0.039425 0.801442
0.000000 1.000000
0.624513 0.209739
1.000000 0.000000
0.481934 0.305785
0.000000 1.000000
0.000000 1.000000
0.209280 0.542529
0.000000 1.000000
1.000000 0.000000
0.319788 0.434502
1.000000 0.000000
0.042923 0.792821
0.000000 1.000000
0.000000 1.000000
0.377287 0.385763
0.000000 1.000000
0.000000 1.000000
0.667555 0.182959
0.000000 1.000000
0.000000 1.000000
0.000000 1.000000
1.000000 0.000000
0.473031 0.312227
1.000000 0.000000
1.000000 0.000000
0.000000 1.000000
0.631434 0.205372
0.522045 0.277473
0.160646 0.599194
0.000000 1.000000
0.515291 0.282162
0.000000 1.000000
0.230731 0.519656
0.000000 1.000000
0.710975 0.156807
0.000000 1.000000
0.000000 1.000000
0.000000 1.000000
0.167994 0.590130
0.599194 0.225924
0.000000 1.000000
0.441710 0.335387
0.000000 1.000000
0.000000 1.000000
1.000000 0.000000
0.397409 0.369596
1.000000 0.000000
1.000000 0.000000
0.103749 0.677899
0.552265 0.256854
0.128062 0.642143
1.000000 0.000000
0.521851 0.277607
1.000000 0.000000
1.000000 0.000000
0.000000 1.000000
0.294068 0.457719
0.511858 0.284557
0.000573 0.976056
0.108429 0.670714
0.341442 0.415669
1.000000 0.000000
0.340555 0.416429
1.000000 0.000000
1.000000 0.000000
0.000000 1.000000
0.000000 1.000000
0.000000 1.000000
0.000000 1.000000
1.000000 0.000000
0.761174 0.127547
0.263007 0.487158
0.000000 1.000000
1.000000 0.000000
0.000000 1.000000
0.083527 0.711432
0.000000 1.000000
1.000000 0.000000
0.000000 1.000000
0.396046 0.370678
0.396891 0.370007
0.063848 0.747318
0.057576 0.760050
0.000000 1.000000
0.123921 0.647976
0.000000 1.000000
0.000000 1.000000
0.000000 1.000000
0.359494 0.400422
0.000000 1.000000
0.497935 0.294355
0.000000 1.000000
0.215653 0.535616
0.000000 1.000000
0.000000 1.000000
0.000000 1.000000
0.000000 1.000000
0.229107 0.521348
0.000000 1.000000
0.000000 1.000000
0.650993 0.193159
0.000000 1.000000
0.260185 0.489916
0.441957 0.335201
0.000000 1.000000
0.000000 1.000000
0.000000 1.000000
0.000000 1.000000
0.158536 0.601834
0.000000 1.000000
0.000000 1.000000
0.084239 0.709760
1.000000 0.000000
0.000000 1.000000
0.746543 0.135973
0.000000 1.000000
0.000000 1.000000
0.000000 1.000000
0.219914 0.531050
1.000000 0.000000
0.000000 1.000000
0.729638 0.145811
1.000000 0.000000
0.000000 1.000000
0.367186 0.394041
0.000000 1.000000
0.286045 0.465168
0.000000 1.000000
0.619342 0.213017
0.000000 1.000000
0.289966 0.461515
1.000000 0.000000
0.643696 0.197694
0.855203 0.075228
0.000000 1.000000
0.089371 0.701049
0.000000 1.000000
0.286045 0.465168
0.076642 0.723157
0.000000 1.000000
0.715434 0.154167
0.000000 1.000000
0.000000 1.000000
0.000000 1.000000
0.000000 1.000000
0.122122 0.650540
0.000000 1.000000
0.723982 0.149129
0.405037 0.363575
0.000000 1.000000
0.000000 1.000000
1.000000 0.000000
0.275874 0.474763
0.404866 0.363709
0.000000 1.000000
0.065747 0.743589
0.000000 1.000000
0.000000 1.000000
0.338626 0.418084
1.000000 0.000000
0.000000 1.000000
0.094833 0.692050
0.000000 1.000000
0.000000 1.000000
0.000000 1.000000
0.000000 1.000000
0.000000 1.000000
0.449250 0.329739
0.000000 1.000000
0.607580 0.220526
0.120978 0.652182
0.000000 1.000000
1.000000 0.000000
0.000000 1.000000
0.000000 1.000000
0.110919 0.666956
0.000000 1.000000
0.000000 1.000000
0.473816 0.311657
0.000000 1.000000
0.000000 1.000000
0.290760 0.460778
0.075972 0.724370
1.000000 0.000000
0.357090 0.402430
0.728270 0.146612
1.000000 0.000000
0.797940 0.106725
0.000000 1.000000
1.000000 0.000000
0.052556 0.770750
0.268027 0.482287
0.000000 1.000000
0.000000 1.000000
0.000000 1.000000
0.000000 1.000000
0.231481 0.518875
0.383265 0.381193
0.000000 1.000000
0.148113 0.615145
0.000000 1.000000
0.777438 0.118276
0.659797 0.187721
0.000000 1.000000
0.571692 0.243897
0.000000 1.000000
0.434361 0.340939
0.000000 1.000000
0.000000 1.000000
0.053931 0.767769
0.000000 1.000000
0.000000 1.000000
0.791123 0.110549
0.000000 1.000000
0.000000 1.000000
0.000000 1.000000
0.643722 0.197677
0.000000 1.000000
0.000000 1.000000
0.000000 1.000000
0.000000 1.000000
0.811582 0.099121
0.000000 1.000000
0.811582 0.099121
0.235746 0.514463
0.514493 0.282718
0.000000 1.000000
0.000000 1.000000
0.000000 1.000000
0.050406 0.775486
0.000000 1.000000
1.000000 0.000000
0.000000 1.000000
0.785792 0.113551
0.790128 0.111109
1.000000 0.000000
0.000000 1.000000
0.000000 1.000000
0.000000 1.000000
0.000000 1.000000
0.000000 1.000000
0.000000 1.000000
0.000000 1.000000
0.000000 1.000000
0.066623 0.741885
0.010979 0.895221
0.171103 0.586354
0.099244 0.684970
0.000000 1.000000
1.000000 0.000000
0.302447 0.450048
0.151231 0.611116
0.259871 0.490225
0.000000 1.000000
0.000000 1.000000
0.000000 1.000000
0.000000 1.000000
1.000000 0.000000
0.000000 1.000000
0.000000 1.000000
1.000000 0.000000
0.000000 1.000000
0.547949 0.259764
0.051018 0.774129
1.000000 0.000000
0.101069 0.685273
0.000000 1.000000
0.000000 1.000000
0.000000 1.000000
0.882094 0.060802
0.000000 1.000000
0.777412 0.118290
0.478598 0.308192
0.390765 0.374888
0.000000 1.000000
0.527943 0.273403
0.000000 1.000000
0.000000 1.000000
0.000000 1.000000
0.602671 0.223681
0.000000 1.000000
0.000000 1.000000
0.000000 1.000000
0.000000 1.000000
0.000000 1.000000
0.124274 0.647474
0.186542 0.568095
0.000000 1.000000
0.602671 0.223681
0.276261 0.474394
0.000000 1.000000
1.000000 0.000000
0.000000 1.000000
0.560320 0.251454
1.000000 0.000000
0.000000 1.000000
0.000000 1.000000
0.751437 0.133145
0.772903 0.120851
0.000000 1.000000
1.000000 0.000000
1.000000 0.000000
0.000000 1.000000
0.531224 0.273071
0.000000 1.000000
0.577521 0.240052
0.725630 0.148161
0.314104 0.439550
0.226419 0.524165
0.349950 0.408434
0.000000 1.000000
0.000000 1.000000
0.000000 1.000000
1.000000 0.000000
0.000000 1.000000
0.000000 1.000000
0.711805 0.156314
0.006085 0.921996
0.000000 1.000000
0.000000 1.000000
0.132222 0.636377
0.203968 0.548372
0.000000 1.000000
0.000000 1.000000
0.000000 1.000000
0.000000 1.000000
0.000000 1.000000
0.174673 0.582061
0.000000 1.000000
0.000000 1.000000
0.000000 1.000000
0.083584 0.710891
0.000000 1.000000
0.000000 1.000000
1.000000 0.000000
1.000000 0.000000
0.000000 1.000000
0.960634 0.019881
0.000000 1.000000
0.000000 1.000000
0.752907 0.132298
1.000000 0.000000
1.000000 0.000000
1.000000 0.000000
1.000000 0.000000
0.600872 0.230978
0.000000 1.000000
0.000000 1.000000
0.112860 0.664054
0.064489 0.746053
0.131372 0.637547
0.689000 0.169940
0.000000 1.000000
1.000000 0.000000
0.338250 0.418407
0.077260 0.722044
0.112860 0.664054
0.000000 1.000000
1.000000 0.000000
0.191018 0.562944
0.000000 1.000000
0.000000 1.000000
0.000000 1.000000
0.000000 1.000000
0.000000 1.000000
0.000000 1.000000
0.543012 0.263107
0.599805 0.225529
0.000000 1.000000
0.405576 0.363152
0.000000 1.000000
0.771807 0.121474
0.373831 0.388583
0.000000 1.000000
0.000000 1.000000
1.000000 0.000000
0.709387 0.157749
1.000000 0.000000
1.000000 0.000000
0.590717 0.231419
0.000000 1.000000
0.529830 0.272105
0.000000 1.000000
1.000000 0.000000
1.000000 0.000000
0.000000 1.000000
0.000000 1.000000
0.551678 0.257250
0.000000 1.000000
1.000000 0.000000
0.725851 0.148031
0.788530 0.112008
0.000000 1.000000
0.003211 0.943332
0.000000 1.000000
0.592896 0.230002
0.000000 1.000000
0.018204 0.865078
0.000000 1.000000
0.702789 0.161675
0.000000 1.000000
0.000000 1.000000
0.000000 1.000000
0.474465 0.311186
0.243913 0.506125
1.000000 0.000000
1.000000 0.000000
0.000000 1.000000
0.000000 1.000000
0.000000 1.000000
0.523864 0.276321
0.087852 0.703601
1.000000 0.000000
0.000000 1.000000
0.000000 1.000000
0.000000 1.000000
0.340286 0.416660
0.000000 1.000000
0.000000 1.000000
0.065119 0.744817
1.000000 0.000000
0.578146 0.239641
0.000000 1.000000
0.000000 1.000000
0.425359 0.347805
1.000000 0.000000
0.139037 0.627123
0.284819 0.466482
0.117250 0.657583
1.000000 0.000000
0.000000 1.000000
0.000000 1.000000
0.000000 1.000000
0.364780 0.396030
1.000000 0.000000
0.241666 0.508405
0.714693 0.154605
0.349780 0.408878
1.000000 0.000000
0.000000 1.000000
0.193098 0.560571
0.000000 1.000000
0.000000 1.000000
0.000000 1.000000
0.000000 1.000000
0.000000 1.000000
1.000000 0.000000
0.047859 0.781233
0.560070 0.251622
0.641274 0.199204
0.000000 1.000000
0.000000 1.000000
0.690179 0.169230
0.000000 1.000000
0.224420 0.526270
1.000000 0.000000
0.704483 0.160665
0.000000 1.000000
0.466976 0.316643
0.000000 1.000000
1.000000 0.000000
0.000000 1.000000
0.000000 1.000000
0.352124 0.406600
1.000000 0.000000
0.000000 1.000000
0.081812 0.713972
0.084128 0.709952
0.000000 1.000000
0.220760 0.530149
0.000000 1.000000
0.000000 1.000000
0.000000 1.000000
0.099445 0.684651
0.171517 0.585854
1.000000 0.000000
1.000000 0.000000
0.613704 0.216608
0.000000 1.000000
1.000000 0.000000
0.072406 0.730917
1.000000 0.000000
0.000000 1.000000
0.153416 0.608316
0.000000 1.000000
0.000000 1.000000
0.000000 1.000000
0.461400 0.320736
0.858890 0.073237
0.000000 1.000000
1.000000 0.000000
0.878584 0.062672
0.000000 1.000000
0.254559 0.495461
0.000000 1.000000
0.577702 0.239933
0.102257 0.680224
0.000000 1.000000
0.000000 1.000000
0.000000 1.000000
0.792475 0.109789
0.731350 0.144810
0.209758 0.542006
0.123002 0.649284
0.000000 1.000000
1.000000 0.000000
1.000000 0.000000
0.470914 0.313855
0.000000 1.000000
1.000000 0.000000
1.000000 0.000000
0.008749 0.906464
0.000000 1.000000
1.000000 0.000000
1.000000 0.000000
0.206443 0.545913
0.150725 0.611767
0.314586 0.439121
0.000000 1.000000
0.000000 1.000000
0.185395 0.569424
0.476149 0.309964
0.386732 0.378123
1.000000 0.000000
0.000000 1.000000
1.000000 0.000000
0.206443 0.545913
0.000000 1.000000
0.000000 1.000000
0.000000 1.000000
0.227169 0.523377
0.453874 0.326298
0.178641 0.577341
0.000000 1.000000
0.000000 1.000000
0.000000 1.000000
0.000000 1.000000
0.000000 1.000000
0.074718 0.726654
0.000000 1.000000
0.000000 1.000000
0.000000 1.000000
0.000000 1.000000
0.000000 1.000000
0.084256 0.709732
1.000000 0.000000
0.000000 1.000000
0.282209 0.468768
0.000000 1.000000
0.000000 1.000000
0.000000 1.000000
0.000000 1.000000
0.000000 1.000000
1.000000 0.000000
0.730430 0.145348
0.141637 0.623652
0.000000 1.000000
0.000000 1.000000
0.000000 1.000000
0.000000 1.000000
0.000000 1.000000
0.074508 0.727038
0.000000 1.000000
0.000000 1.000000
0.020367 0.857286
0.051326 0.773448
0.000000 1.000000
1.000000 0.000000
0.000000 1.000000
0.204897 0.547345
0.000000 1.000000
0.000000 1.000000
0.000000 1.000000
0.000000 1.000000
1.000000 0.000000
0.000000 1.000000
0.000000 1.000000
0.205090 0.547131
0.254731 0.495419
0.057028 0.761195
0.309095 0.444037
0.086595 0.705730
0.577825 0.239852
0.000000 1.000000
0.000000 1.000000
0.000000 1.000000
1.000000 0.000000
0.000000 1.000000
0.047170 0.782813
0.703424 0.161296
1.000000 0.000000
0.000000 1.000000
0.000000 1.000000
0.083102 0.711726
0.836318 0.086807
1.000000 0.000000
0.124368 0.647341
0.280320 0.470547
0.000000 1.000000
1.000000 0.000000
0.000000 1.000000
0.294996 0.456865
0.601816 0.224232
0.084156 0.709903
1.000000 0.000000
0.158492 0.601889
0.000000 1.000000
0.000000 1.000000
0.084437 0.709419
1.000000 0.000000
0.000000 1.000000
0.000000 1.000000
0.000000 1.000000
0.040609 0.798482
0.000000 1.000000
1.000000 0.000000
1.000000 0.000000
1.000000 0.000000
0.000000 1.000000
0.311377 0.441988
0.000000 1.000000
0.092155 0.696429
0.000000 1.000000
0.102153 0.680386
0.253829 0.496186
0.000000 1.000000
0.000000 1.000000
0.853986 0.075886
0.460766 0.321202
0.000000 1.000000
0.000000 1.000000
0.000000 1.000000
0.340654 0.416344
0.000000 1.000000
0.549026 0.259037
0.292076 0.459560
0.000000 1.000000
0.558907 0.252399
0.076634 0.723171
0.276268 0.474388
0.102318 0.680128
1.000000 0.000000
0.469246 0.314985
0.000000 1.000000
0.000000 1.000000
1.000000 0.000000
0.071608 0.732402
0.000000 1.000000
0.350192 0.408230
0.000000 1.000000
0.000000 1.000000
0.666103 0.183849
0.000000 1.000000
0.566376 0.247420
0.000000 1.000000
0.000000 1.000000
0.000000 1.000000
0.000000 1.000000
0.000000 1.000000
0.000000 1.000000
0.565304 0.248133
0.000000 1.000000
0.000000 1.000000
0.408832 0.360600
0.638866 0.200709
0.000000 1.000000
0.000000 1.000000
0.537477 0.266872
0.570934 0.244399
0.000000 1.000000
0.000000 1.000000
0.000000 1.000000
0.000000 1.000000
0.247197 0.502811
0.098917 0.685489
0.000000 1.000000
0.000000 1.000000
0.585719 0.234677
0.466511 0.316984
0.000000 1.000000
0.348011 0.410076
0.000000 1.000000
1.000000 0.000000
0.000000 1.000000
0.000000 1.000000
0.000000 1.000000
0.000000 1.000000
0.000000 1.000000
0.000000 1.000000
0.000000 1.000000
0.000000 1.000000
0.000000 1.000000
0.319426 0.434822
0.052702 0.770431
0.314227 0.439441
0.000000 1.000000
0.000000 1.000000
0.049410 0.777717
1.000000 0.000000
0.826016 0.091146
0.000000 1.000000
0.048148 0.781761
0.000000 1.000000
0.441581 0.335515
0.000000 1.000000
0.000000 1.000000
0.814956 0.097251
0.426920 0.346609
1.000000 0.000000
0.000000 1.000000
0.068999 0.737481
0.000000 1.000000
0.048148 0.781761
0.000000 1.000000
0.422960 0.349646
0.808289 0.100951
0.000000 1.000000
0.142412 0.622625
0.000000 1.000000
0.036789 0.810409
0.000000 1.000000
1.000000 0.000000
1.000000 0.000000
0.000000 1.000000
1.000000 0.000000
0.000000 1.000000
0.049788 0.776869
0.000000 1.000000
0.000000 1.000000
0.000000 1.000000
1.000000 0.000000
0.000000 1.000000
0.602834 0.223576
0.000000 1.000000
0.331200 0.424500
0.719233 0.151924
0.529135 0.272583
0.685304 0.172169
0.000000 1.000000
1.000000 0.000000
0.775300 0.120997
0.000000 1.000000
0.000000 1.000000
0.000000 1.000000
0.000000 1.000000
0.000000 1.000000
0.454901 0.325536
0.334150 0.421943
0.279278 0.471818
0.683574 0.173393
1.000000 0.000000
1.000000 0.000000
0.000000 1.000000
1.000000 0.000000
0.000000 1.000000
0.093977 0.693444
0.000000 1.000000
1.000000 0.000000
0.000000 1.000000
1.000000 0.000000
0.000000 1.000000
0.000000 1.000000
1.000000 0.000000
0.000000 1.000000
0.000000 1.000000
0.853608 0.076091
0.735008 0.142674
0.759904 0.128275
0.000000 1.000000
1.000000 0.000000
0.000000 1.000000
1.000000 0.000000
0.000000 1.000000
0.000000 1.000000
1.000000 0.000000
0.000000 1.000000
0.000000 1.000000
0.000000 1.000000
0.000000 1.000000
0.611261 0.218168
0.000000 1.000000
0.000000 1.000000
0.000000 1.000000
0.355739 0.403629
0.777128 0.118451
0.000000 1.000000
0.071002 0.733538
0.200557 0.552164
0.558067 0.252961
0.000000 1.000000
1.000000 0.000000
0.000000 1.000000
0.000000 1.000000
0.000000 1.000000
0.737503 0.141220
0.000000 1.000000
0.141195 0.624241
0.000000 1.000000
1.000000 0.000000
0.000000 1.000000
0.000000 1.000000
0.483938 0.305199
0.216137 0.538891
0.000000 1.000000
0.000000 1.000000
0.755730 0.130673
0.000000 1.000000
0.063006 0.748989
0.000000 1.000000
1.000000 0.000000
0.586809 0.234844
0.000000 1.000000
0.497373 0.294754
0.520816 0.278324
0.000000 1.000000
0.000000 1.000000
0.000000 1.000000
0.000000 1.000000
0.752367 0.132609
0.804390 0.103122
0.609378 0.219373
0.000000 1.000000
0.807878 0.101179
0.046087 0.785321
0.582337 0.236890
0.426363 0.347035
0.113187 0.663568
0.358999 0.400835
0.063735 0.747542
0.000000 1.000000
0.078249 0.720270
0.051345 0.773405
1.000000 0.000000
0.000000 1.000000
0.000000 1.000000
0.000000 1.000000
0.696919 0.165183
0.559036 0.252313
0.741796 0.138724
0.759599 0.128450
0.156027 0.604997
0.000000 1.000000
0.415702 0.355250
0.000000 1.000000
0.000000 1.000000
0.000000 1.000000
0.273044 0.477464
0.000000 1.000000
0.166531 0.591918
0.000000 1.000000
0.000000 1.000000
0.000000 1.000000
0.000000 1.000000
0.000000 1.000000
0.000000 1.000000
1.000000 0.000000
0.000000 1.000000
0.775491 0.119380
1.000000 0.000000
0.000000 1.000000
0.076708 0.723038
0.000000 1.000000
0.000000 1.000000
0.000000 1.000000
0.000000 1.000000
0.000000 1.000000
0.000000 1.000000
0.590863 0.231324
0.288294 0.463070
0.097898 0.687114
1.000000 0.000000
0.000000 1.000000
0.260378 0.489728
0.000000 1.000000
0.450839 0.329331
0.000000 1.000000
0.567896 0.246412
0.000000 1.000000
0.000000 1.000000
0.432841 0.342093
0.235107 0.515122
0.112663 0.664420
0.450692 0.328664
0.000000 1.000000
1.000000 0.000000
0.000000 1.000000
0.000000 1.000000
0.000000 1.000000
0.262519 0.487634
0.000000 1.000000
1.000000 0.000000
0.085359 0.707838
1.000000 0.000000
1.000000 0.000000
0.000000 1.000000
0.247031 0.502978
0.733214 0.143721
0.000000 1.000000
0.518698 0.279793
0.000000 1.000000
1.000000 0.000000
0.000000 1.000000
0.217696 0.533421
0.000000 1.000000
0.000000 1.000000
0.708867 0.158058
0.000000 1.000000
0.000000 1.000000
1.000000 0.000000
0.000000 1.000000
0.488160 0.301315
0.113804 0.662651
1.000000 0.000000
0.152911 0.608961
0.172874 0.584218
0.000000 1.000000
0.102726 0.679491
0.245223 0.504800
0.000000 1.000000
0.099438 0.684662
1.000000 0.000000
0.000000 1.000000
1.000000 0.000000
0.349375 0.408921
0.000000 1.000000
0.000000 1.000000
0.000000 1.000000
1.000000 0.000000
1.000000 0.000000
0.000000 1.000000
0.000000 1.000000
0.405082 0.363539
1.000000 0.000000
0.000000 1.000000
0.550813 0.257832
0.000000 1.000000
0.000000 1.000000
0.346967 0.410961
0.000000 1.000000
1.000000 0.000000
0.000000 1.000000
1.000000 0.000000
0.000000 1.000000
0.144449 0.619935
0.000000 1.000000
0.078370 0.720053
0.143013 0.621829
0.717748 0.152800
1.000000 0.000000
0.000000 1.000000
0.029992 0.826819
0.766153 0.124698
0.000000 1.000000
0.000000 1.000000
0.676372 0.177582
0.122491 0.650012
0.581120 0.237688
0.000000 1.000000
0.000000 1.000000
0.188836 0.565448
1.000000 0.000000
0.000000 1.000000
0.561732 0.250512
0.000000 1.000000
1.000000 0.000000
1.000000 0.000000
1.000000 0.000000
0.000000 1.000000
1.000000 0.000000
0.354051 0.404978
1.000000 0.000000
0.000000 1.000000
0.482019 0.305724
0.000000 1.000000
0.568208 0.246205
0.000000 1.000000
0.000000 1.000000
0.000000 1.000000
0.000000 1.000000
0.000000 1.000000
0.000000 1.000000
0.000000 1.000000
0.000000 1.000000
0.000000 1.000000
0.871239 0.066598
0.743233 0.137890
0.000000 1.000000
0.494586 0.296732
0.027730 0.833476
0.000000 1.000000
0.000000 1.000000
0.000000 1.000000
0.000000 1.000000
0.127435 0.643019
0.528180 0.273240
0.185077 0.569794
0.205807 0.546340
0.311441 0.441931
0.254379 0.497818
0.000000 1.000000
0.157168 0.603556
0.000000 1.000000
0.603769 0.222974
0.000000 1.000000
0.148967 0.614038
1.000000 0.000000
0.000000 1.000000
0.000000 1.000000
0.532298 0.270412
0.000000 1.000000
0.000000 1.000000
0.597654 0.226919
0.000000 1.000000
0.000000 1.000000
0.685770 0.171887
1.000000 0.000000
0.729866 0.145678
1.000000 0.000000
1.000000 0.000000
0.000000 1.000000
1.000000 0.000000
0.734343 0.143412
1.000000 0.000000
0.839038 0.084010
0.777630 0.118167
0.000000 1.000000
0.000000 1.000000
0.042428 0.794021
0.000000 1.000000
1.000000 0.000000
0.659791 0.187725
0.000000 1.000000
0.000000 1.000000
0.000000 1.000000
0.835246 0.086082
0.000000 1.000000
0.000000 1.000000
0.000000 1.000000
0.770598 0.122163
1.000000 0.000000
0.319035 0.435168
0.000000 1.000000
0.000000 1.000000
0.067845 0.739557
0.780007 0.116820
0.019339 0.860937
0.172326 0.584879
0.665594 0.184160
0.000000 1.000000
1.000000 0.000000
1.000000 0.000000
0.731378 0.144793
0.000000 1.000000
0.000000 1.000000
1.000000 0.000000
0.000000 1.000000
0.046767 0.783744
0.508151 0.287153
0.000000 1.000000
0.394955 0.371546
0.000000 1.000000
0.718729 0.152221
0.000000 1.000000
0.000000 1.000000
0.000000 1.000000
0.771237 0.121799
1.000000 0.000000
0.539357 0.265590
0.437685 0.338422
0.000000 1.000000
0.152038 0.610079
0.000000 1.000000
0.000000 1.000000
0.355784 0.403524
0.771237 0.121799
0.742927 0.138068
1.000000 0.000000
0.000000 1.000000
0.088803 0.702002
0.747517 0.135409
0.000000 1.000000
0.337658 0.418917
0.994635 0.002686
0.895970 0.053443
0.000000 1.000000
0.000000 1.000000
0.000000 1.000000
0.765704 0.124955
0.253032 0.496977
0.059570 0.755930
0.000000 1.000000
0.531273 0.271116
0.131997 0.636686
0.000000 1.000000
0.777714 0.118119
0.489987 0.300010
0.065863 0.743361
0.000000 1.000000
1.000000 0.000000
0.747399 0.135478
0.826398 0.090935
0.000000 1.000000
0.097853 0.687185
0.000000 1.000000
1.000000 0.000000
0.719634 0.151688
0.000000 1.000000
0.727849 0.146859
0.000000 1.000000
0.000000 1.000000
0.000000 1.000000
0.921466 0.041943
0.000000 1.000000
1.000000 0.000000
0.000000 1.000000
0.000000 1.000000
0.328575 0.426785
0.818144 0.095487
0.000000 1.000000
0.000000 1.000000
0.000000 1.000000
0.000000 1.000000
1.000000 0.000000
0.000000 1.000000
0.000000 1.000000
0.711749 0.156857
0.000000 1.000000
0.000000 1.000000
0.589162 0.232431
0.000000 1.000000
1.000000 0.000000
0.040517 0.798712
0.000000 1.000000
0.714029 0.154997
0.685984 0.171758
0.000000 1.000000
0.716325 0.153640
0.432733 0.343069
0.000000 1.000000
0.000000 1.000000
0.269515 0.480852
0.000000 1.000000
0.000000 1.000000
0.810705 0.099608
0.883611 0.059994
0.253705 0.496309
0.000000 1.000000
0.000000 1.000000
0.053652 0.768370
0.564210 0.248861
0.589785 0.232025
0.000000 1.000000
1.000000 0.000000
1.000000 0.000000
0.449860 0.329284
0.910717 0.045685
0.271179 0.479252
0.207887 0.544053
0.817468 0.095861
0.000000 1.000000
1.000000 0.000000
0.000000 1.000000
0.050106 0.776155
1.000000 0.000000
0.263346 0.486827
0.679399 0.176393
0.482785 0.305173
0.000000 1.000000
0.000000 1.000000
0.000000 1.000000
0.469494 0.314804
0.000000 1.000000
0.000000 1.000000
0.053416 0.768881
1.000000 0.000000
0.455062 0.325417
0.292756 0.458930
0.000000 1.000000
0.273356 0.477166
0.000000 1.000000
0.586207 0.234359
0.000000 1.000000
0.053416 0.768881
0.000000 1.000000
0.455062 0.325417
0.304246 0.448415
1.000000 0.000000
0.000000 1.000000
0.000000 1.000000
0.000000 1.000000
0.783963 0.114583
0.000000 1.000000
1.000000 0.000000
0.293297 0.458431
0.000000 1.000000
0.094292 0.692930
0.000000 1.000000
0.238070 0.512076
0.000000 1.000000
0.567162 0.246898
0.370410 0.391387
0.000000 1.000000
0.695365 0.166115
1.000000 0.000000
0.000000 1.000000
1.000000 0.000000
0.000000 1.000000
0.000000 1.000000
0.148596 0.614518
1.000000 0.000000
0.405834 0.362949
0.000000 1.000000
0.161911 0.597619
0.000000 1.000000
0.000000 1.000000
0.000000 1.000000
0.000000 1.000000
0.551653 0.257267
1.000000 0.000000
1.000000 0.000000
0.000000 1.000000
0.000000 1.000000
0.000000 1.000000
0.000000 1.000000
0.000000 1.000000
0.000000 1.000000
1.000000 0.000000
0.000000 1.000000
0.000000 1.000000
0.000000 1.000000
1.000000 0.000000
0.000000 1.000000
0.000000 1.000000
0.000000 1.000000
1.000000 0.000000
0.794520 0.108642
0.000000 1.000000
1.000000 0.000000
1.000000 0.000000
0.000000 1.000000
0.183487 0.571646
0.236216 0.513980
0.000000 1.000000
0.000000 1.000000
0.169670 0.588090
0.000000 1.000000
0.000000 1.000000
0.069830 0.735746
0.701187 0.164489
1.000000 0.000000
1.000000 0.000000
0.000000 1.000000
0.221705 0.529144
0.511127 0.287886
0.752543 0.132508
0.000000 1.000000
0.262883 0.487279
0.000000 1.000000
0.870732 0.066870
0.876877 0.063583
0.000000 1.000000
1.000000 0.000000
0.036957 0.807758
0.000000 1.000000
0.064432 0.746165
0.000000 1.000000
0.900717 0.050939
0.000000 1.000000
0.000000 1.000000
0.000000 1.000000
0.527152 0.273948
0.108375 0.670796
0.000000 1.000000
0.000000 1.000000
1.000000 0.000000
0.000000 1.000000
1.000000 0.000000
0.000000 1.000000
0.172674 0.584459
0.303320 0.449255
0.275578 0.475045
1.000000 0.000000
1.000000 0.000000
0.000000 1.000000
0.000000 1.000000
0.585714 0.234681
0.000000 1.000000
1.000000 0.000000
0.000000 1.000000
0.494982 0.296451
0.000000 1.000000
0.000000 1.000000
0.674063 0.178987
0.066797 0.741548
1.000000 0.000000
0.071864 0.731925
1.000000 0.000000
1.000000 0.000000
