0.980000
0.980000
1.000000
1.000000
0.980000
1.000000
0.980000
0.980000
1.000000
1.000000
1.000000
1.000000
1.000000
0.980000
0.980000
0.960000
0.980000
0.980000
0.960000
1.000000
0.980000
0.980000
1.000000
1.000000
1.000000
0.980000
0.980000
1.000000
1.000000
1.000000
0.980000
1.000000
0.980000
1.000000
1.000000
0.980000
1.000000
1.000000
0.980000
1.000000
1.000000
0.980000
0.980000
0.980000
1.000000
0.980000
1.000000
0.980000
1.000000
0.980000
1.000000
1.000000
0.980000
0.980000
0.980000
1.000000
0.980000
0.980000
1.000000
1.000000
0.960000
1.000000
0.980000
0.980000
1.000000
0.980000
1.000000
1.000000
0.980000
0.980000
0.980000
0.980000
0.980000
0.980000
0.980000
1.000000
0.980000
0.960000
1.000000
1.000000
1.000000
1.000000
1.000000
1.000000
0.980000
1.000000
0.960000
0.980000
1.000000
0.980000
0.980000
1.000000
1.000000
0.960000
0.980000
0.980000
0.980000
1.000000
1.000000
0.980000
