0.455000
0.547000
0.473000
0.452000
0.467000
0.438000
0.518000
0.455000
0.490000
0.528000
0.430000
0.483000
0.501000
0.470000
0.425000
0.468000
0.468000
0.440000
0.502000
0.479000
0.455000
0.552000
0.411000
0.534000
0.468000
0.496000
0.548000
0.514000
0.472000
0.455000
0.550000
0.504000
0.472000
0.459000
0.569000
0.548000
0.438000
0.475000
0.430000
0.463000
0.430000
0.560000
0.553000
0.556000
0.411000
0.540000
0.495000
0.529000
0.501000
0.485000
0.492000
0.464000
0.492000
0.496000
0.470000
0.502000
0.485000
0.486000
0.481000
0.532000
0.446000
0.556000
0.509000
0.533000
0.424000
0.515000
0.571000
0.439000
0.456000
0.467000
0.464000
0.480000
0.422000
0.555000
0.505000
0.529000
0.438000
0.522000
0.499000
0.504000
0.470000
0.455000
0.560000
0.437000
0.463000
0.522000
0.446000
0.545000
0.453000
0.449000
0.490000
0.531000
0.499000
0.520000
0.475000
0.438000
0.424000
0.527000
0.484000
0.453000
