0.973000
0.950000
0.893000
0.959000
0.961000
0.947000
0.921000
0.966000
0.976000
0.970000
0.969000
0.975000
0.967000
0.949000
0.973000
0.952000
0.947000
0.953000
0.940000
0.987000
0.992000
0.909000
0.973000
0.945000
0.987000
0.960000
0.903000
0.979000
0.971000
0.949000
0.951000
0.958000
0.957000
0.986000
0.951000
0.981000
0.957000
0.986000
0.976000
0.961000
0.926000
0.962000
0.969000
0.974000
0.897000
0.951000
0.970000
0.951000
0.974000
0.964000
0.961000
0.950000
0.950000
0.969000
0.971000
0.967000
0.957000
0.922000
0.949000
0.975000
0.907000
0.959000
0.991000
0.983000
0.921000
0.965000
0.980000
0.984000
0.926000
0.997000
0.985000
0.967000
0.993000
0.953000
0.990000
0.968000
0.976000
0.939000
0.995000
0.964000
0.979000
0.974000
0.999000
0.938000
0.955000
0.941000
0.968000
0.951000
0.960000
0.982000
0.954000
0.967000
0.946000
0.970000
0.983000
0.955000
0.927000
0.945000
0.969000
0.990000
