0.650000
0.650000
0.666000
0.642000
0.653000
0.667000
0.675000
0.668000
0.659000
0.667000
0.657000
0.660000
0.678000
0.665000
0.647000
0.653000
0.627000
0.664000
0.643000
0.678000
0.697000
0.680000
0.668000
0.653000
0.667000
0.670000
0.661000
0.674000
0.648000
0.681000
0.655000
0.680000
0.641000
0.653000
0.660000
0.667000
0.657000
0.667000
0.664000
0.664000
0.674000
0.665000
0.671000
0.682000
0.636000
0.667000
0.667000
0.688000
0.701000
0.654000
0.687000
0.655000
0.679000
0.660000
0.660000
0.689000
0.666000
0.645000
0.673000
0.641000
0.678000
0.682000
0.671000
0.645000
0.641000
0.634000
0.674000
0.693000
0.664000
0.668000
0.638000
0.653000
0.661000
0.655000
0.660000
0.659000
0.648000
0.680000
0.642000
0.672000
0.654000
0.647000
0.642000
0.662000
0.646000
0.665000
0.662000
0.648000
0.650000
0.659000
0.677000
0.638000
0.662000
0.654000
0.697000
0.680000
0.657000
0.679000
0.677000
0.665000
