0.632121 0.632121
0.632121 0.632121
0.632121 0.632121
0.632121 0.632121
0.632121 0.632121
0.003593 0.980395
0.015612 0.982889
0.043109 0.968466
0.632121 0.632121
0.632121 0.632121
0.017984 0.974688
0.440099 0.794202
0.632121 0.632121
0.632121 0.632121
0.632121 0.632121
0.632121 0.632121
0.632121 0.632121
0.632121 0.632121
0.632121 0.632121
0.632121 0.632121
0.632121 0.632121
0.632121 0.632121
0.282156 0.873163
0.632121 0.632121
0.632121 0.632121
0.632121 0.632121
0.632121 0.632121
0.632121 0.632121
0.257702 0.917557
0.632121 0.632121
0.010553 0.974724
0.632121 0.632121
0.632121 0.632121
0.493729 0.758280
0.632121 0.632121
0.632121 0.632121
0.632121 0.632121
0.632121 0.632121
0.632121 0.632121
0.632121 0.632121
0.010266 0.985079
0.010553 0.974724
0.182855 0.916018
0.632121 0.632121
0.632121 0.632121
0.567345 0.701184
0.632121 0.632121
0.500880 0.765795
0.288484 0.882434
0.632121 0.632121
0.632121 0.632121
0.632121 0.632121
0.632121 0.632121
0.632121 0.632121
0.632121 0.632121
0.632121 0.632121
0.106589 0.949504
0.632121 0.632121
0.632121 0.632121
0.632121 0.632121
0.632121 0.632121
0.564695 0.701495
0.632121 0.632121
0.004631 0.980195
0.632121 0.632121
0.632121 0.632121
0.341913 0.865871
0.632121 0.632121
0.632121 0.632121
0.457634 0.795287
0.487794 0.771345
0.015761 0.981482
0.632121 0.632121
0.632121 0.632121
0.632121 0.632121
0.632121 0.632121
0.018561 0.986921
0.632121 0.632121
0.632121 0.632121
0.015761 0.981482
0.632121 0.632121
0.632121 0.632121
0.218901 0.901862
0.632121 0.632121
0.632121 0.632121
0.502239 0.768108
0.496806 0.764384
0.123212 0.950684
0.632121 0.632121
0.632121 0.632121
0.632121 0.632121
0.632121 0.632121
0.632121 0.632121
0.632121 0.632121
0.501080 0.767841
0.632121 0.632121
0.632121 0.632121
0.632121 0.632121
0.632121 0.632121
0.187006 0.922070
0.632121 0.632121
0.632121 0.632121
0.564957 0.702691
0.632121 0.632121
0.632121 0.632121
0.632121 0.632121
0.632121 0.632121
0.632121 0.632121
0.632121 0.632121
0.632121 0.632121
0.632121 0.632121
0.366297 0.840058
0.578050 0.689508
0.632121 0.632121
0.632121 0.632121
0.632121 0.632121
0.632121 0.632121
0.632121 0.632121
0.632121 0.632121
0.632121 0.632121
0.632121 0.632121
0.632121 0.632121
0.632121 0.632121
0.632121 0.632121
0.632121 0.632121
0.632121 0.632121
0.365497 0.851706
0.192031 0.914414
0.187391 0.916847
0.632121 0.632121
0.632121 0.632121
0.632121 0.632121
0.632121 0.632121
0.632121 0.632121
0.632121 0.632121
0.632121 0.632121
0.632121 0.632121
0.632121 0.632121
0.632121 0.632121
0.453908 0.795134
0.632121 0.632121
0.632121 0.632121
0.632121 0.632121
0.511775 0.749647
0.632121 0.632121
0.632121 0.632121
0.632121 0.632121
0.333213 0.866260
0.632121 0.632121
0.039513 0.966118
0.632121 0.632121
0.582455 0.686112
0.632121 0.632121
0.632121 0.632121
0.632121 0.632121
0.585181 0.678801
0.632121 0.632121
0.632121 0.632121
0.632121 0.632121
0.632121 0.632121
0.632121 0.632121
0.632121 0.632121
0.632121 0.632121
0.632121 0.632121
0.632121 0.632121
0.448583 0.790546
0.632121 0.632121
0.632121 0.632121
0.632121 0.632121
0.632121 0.632121
0.016552 0.979691
0.632121 0.632121
0.632121 0.632121
0.632121 0.632121
0.010936 0.985638
0.632121 0.632121
0.008015 0.982220
0.371723 0.852423
0.560209 0.708357
0.632121 0.632121
0.202106 0.917066
0.632121 0.632121
0.632121 0.632121
0.632121 0.632121
0.632121 0.632121
0.632121 0.632121
0.632121 0.632121
0.632121 0.632121
0.022807 0.979296
0.055010 0.962913
0.632121 0.632121
0.632121 0.632121
0.406601 0.829885
0.632121 0.632121
0.632121 0.632121
0.632121 0.632121
0.632121 0.632121
0.632121 0.632121
0.632121 0.632121
0.632121 0.632121
0.632121 0.632121
0.632121 0.632121
0.632121 0.632121
0.019417 0.979265
0.018161 0.987028
0.010773 0.984600
0.632121 0.632121
0.632121 0.632121
0.632121 0.632121
0.632121 0.632121
0.632121 0.632121
0.632121 0.632121
0.632121 0.632121
0.632121 0.632121
0.032852 0.981760
0.632121 0.632121
0.580106 0.692673
0.632121 0.632121
0.582983 0.683013
0.014296 0.982427
0.632121 0.632121
0.632121 0.632121
0.632121 0.632121
0.632121 0.632121
0.228453 0.897238
0.632121 0.632121
0.632121 0.632121
0.632121 0.632121
0.632121 0.632121
0.632121 0.632121
0.632121 0.632121
0.632121 0.632121
0.632121 0.632121
0.632121 0.632121
0.632121 0.632121
0.632121 0.632121
0.632121 0.632121
0.632121 0.632121
0.632121 0.632121
0.632121 0.632121
0.632121 0.632121
0.283380 0.870111
0.489719 0.769223
0.152107 0.942204
0.632121 0.632121
0.021632 0.981186
0.632121 0.632121
0.632121 0.632121
0.632121 0.632121
0.632121 0.632121
0.632121 0.632121
0.632121 0.632121
0.632121 0.632121
0.632121 0.632121
0.020348 0.985223
0.632121 0.632121
0.632121 0.632121
0.632121 0.632121
0.632121 0.632121
0.632121 0.632121
0.632121 0.632121
0.632121 0.632121
0.632121 0.632121
0.632121 0.632121
0.632121 0.632121
0.569585 0.694488
0.632121 0.632121
0.632121 0.632121
0.289680 0.870032
0.632121 0.632121
0.632121 0.632121
0.632121 0.632121
0.273590 0.883956
0.632121 0.632121
0.632121 0.632121
0.632121 0.632121
0.632121 0.632121
0.632121 0.632121
0.632121 0.632121
0.632121 0.632121
0.632121 0.632121
0.632121 0.632121
0.632121 0.632121
0.632121 0.632121
0.632121 0.632121
0.632121 0.632121
0.452258 0.791961
0.168984 0.970623
0.632121 0.632121
0.586708 0.682763
0.632121 0.632121
0.632121 0.632121
0.632121 0.632121
0.632121 0.632121
0.632121 0.632121
0.632121 0.632121
0.632121 0.632121
0.632121 0.632121
0.632121 0.632121
0.632121 0.632121
0.323596 0.894389
0.632121 0.632121
0.632121 0.632121
0.632121 0.632121
0.632121 0.632121
0.632121 0.632121
0.632121 0.632121
0.632121 0.632121
0.296888 0.871561
0.632121 0.632121
0.632121 0.632121
0.121997 0.943528
0.266386 0.920490
0.632121 0.632121
0.632121 0.632121
0.632121 0.632121
0.632121 0.632121
0.632121 0.632121
0.632121 0.632121
0.025333 0.971704
0.632121 0.632121
0.012535 0.978272
0.632121 0.632121
0.012535 0.978272
0.010991 0.984449
0.579657 0.687268
0.632121 0.632121
0.632121 0.632121
0.632121 0.632121
0.632121 0.632121
0.632121 0.632121
0.632121 0.632121
0.632121 0.632121
0.632121 0.632121
0.632121 0.632121
0.632121 0.632121
0.632121 0.632121
0.632121 0.632121
0.217213 0.901778
0.632121 0.632121
0.632121 0.632121
0.632121 0.632121
0.632121 0.632121
0.632121 0.632121
0.632121 0.632121
0.632121 0.632121
0.632121 0.632121
0.632121 0.632121
0.632121 0.632121
0.632121 0.632121
0.632121 0.632121
0.632121 0.632121
0.632121 0.632121
0.632121 0.632121
0.632121 0.632121
0.632121 0.632121
0.632121 0.632121
0.632121 0.632121
0.632121 0.632121
0.632121 0.632121
0.632121 0.632121
0.483544 0.773179
0.632121 0.632121
0.247798 0.888224
0.632121 0.632121
0.632121 0.632121
0.632121 0.632121
0.573262 0.695360
0.632121 0.632121
0.632121 0.632121
0.632121 0.632121
0.632121 0.632121
0.593040 0.675246
0.632121 0.632121
0.632121 0.632121
0.178742 0.917732
0.632121 0.632121
0.102249 0.949960
0.632121 0.632121
0.425796 0.838401
0.632121 0.632121
0.632121 0.632121
0.632121 0.632121
0.632121 0.632121
0.632121 0.632121
0.019925 0.977468
0.632121 0.632121
0.632121 0.632121
0.632121 0.632121
0.632121 0.632121
0.632121 0.632121
0.290838 0.904038
0.020130 0.983865
0.632121 0.632121
0.632121 0.632121
0.632121 0.632121
0.632121 0.632121
0.632121 0.632121
0.632121 0.632121
0.632121 0.632121
0.632121 0.632121
0.014576 0.987559
0.632121 0.632121
0.632121 0.632121
0.632121 0.632121
0.632121 0.632121
0.014580 0.972829
0.632121 0.632121
0.044542 0.975593
0.014628 0.986194
0.014628 0.986194
0.632121 0.632121
0.632121 0.632121
0.632121 0.632121
0.632121 0.632121
0.632121 0.632121
0.632121 0.632121
0.632121 0.632121
0.632121 0.632121
0.511845 0.757109
0.632121 0.632121
0.026013 0.988206
0.632121 0.632121
0.632121 0.632121
0.632121 0.632121
0.632121 0.632121
0.632121 0.632121
0.235202 0.893761
0.632121 0.632121
0.632121 0.632121
0.632121 0.632121
0.632121 0.632121
0.632121 0.632121
0.058856 0.970623
0.632121 0.632121
0.632121 0.632121
0.098040 0.950164
0.632121 0.632121
0.632121 0.632121
0.632121 0.632121
0.413075 0.815353
0.632121 0.632121
0.632121 0.632121
0.632121 0.632121
0.632121 0.632121
0.496755 0.759216
0.632121 0.632121
0.632121 0.632121
0.278153 0.891824
0.632121 0.632121
0.632121 0.632121
0.632121 0.632121
0.632121 0.632121
0.632121 0.632121
0.632121 0.632121
0.632121 0.632121
0.632121 0.632121
0.632121 0.632121
0.632121 0.632121
0.632121 0.632121
0.439372 0.806874
0.632121 0.632121
0.632121 0.632121
0.632121 0.632121
0.632121 0.632121
0.632121 0.632121
0.632121 0.632121
0.632121 0.632121
0.155327 0.941105
0.022546 0.974522
0.022546 0.974522
0.370377 0.829965
0.106182 0.939128
0.632121 0.632121
0.632121 0.632121
0.632121 0.632121
0.632121 0.632121
0.632121 0.632121
0.632121 0.632121
0.632121 0.632121
0.632121 0.632121
0.632121 0.632121
0.632121 0.632121
0.632121 0.632121
0.632121 0.632121
0.578233 0.686819
0.632121 0.632121
0.587663 0.680148
0.632121 0.632121
0.632121 0.632121
0.632121 0.632121
0.632121 0.632121
0.632121 0.632121
0.025513 0.978140
0.632121 0.632121
0.632121 0.632121
0.015692 0.980935
0.632121 0.632121
0.632121 0.632121
0.632121 0.632121
0.632121 0.632121
0.632121 0.632121
0.355315 0.842115
0.632121 0.632121
0.578296 0.688069
0.632121 0.632121
0.632121 0.632121
0.632121 0.632121
0.632121 0.632121
0.632121 0.632121
0.632121 0.632121
0.253353 0.885013
0.632121 0.632121
0.225141 0.904933
0.632121 0.632121
0.632121 0.632121
0.632121 0.632121
0.632121 0.632121
0.632121 0.632121
0.575199 0.690871
0.632121 0.632121
0.632121 0.632121
0.632121 0.632121
0.632121 0.632121
0.632121 0.632121
0.632121 0.632121
0.632121 0.632121
0.632121 0.632121
0.632121 0.632121
0.632121 0.632121
0.205440 0.911211
0.632121 0.632121
0.632121 0.632121
0.019668 0.984753
0.632121 0.632121
0.632121 0.632121
0.632121 0.632121
0.632121 0.632121
0.632121 0.632121
0.632121 0.632121
0.632121 0.632121
0.632121 0.632121
0.575892 0.690031
0.322687 0.852878
0.632121 0.632121
0.632121 0.632121
0.632121 0.632121
0.632121 0.632121
0.632121 0.632121
0.632121 0.632121
0.632121 0.632121
0.632121 0.632121
0.632121 0.632121
0.632121 0.632121
0.632121 0.632121
0.632121 0.632121
0.632121 0.632121
0.632121 0.632121
0.632121 0.632121
0.632121 0.632121
0.632121 0.632121
0.632121 0.632121
0.632121 0.632121
0.632121 0.632121
0.632121 0.632121
0.632121 0.632121
0.632121 0.632121
0.632121 0.632121
0.632121 0.632121
0.632121 0.632121
0.539429 0.724755
0.632121 0.632121
0.632121 0.632121
0.632121 0.632121
0.632121 0.632121
0.632121 0.632121
0.632121 0.632121
0.506056 0.773599
0.435057 0.803787
0.231882 0.912502
0.632121 0.632121
0.477359 0.793308
0.632121 0.632121
0.632121 0.632121
0.425988 0.818178
0.632121 0.632121
0.019101 0.985136
0.632121 0.632121
0.632121 0.632121
0.406683 0.819435
0.632121 0.632121
0.632121 0.632121
0.632121 0.632121
0.632121 0.632121
0.632121 0.632121
0.632121 0.632121
0.211314 0.933510
0.632121 0.632121
0.632121 0.632121
0.632121 0.632121
0.632121 0.632121
0.632121 0.632121
0.632121 0.632121
0.632121 0.632121
0.413832 0.807528
0.632121 0.632121
0.632121 0.632121
0.632121 0.632121
0.632121 0.632121
0.632121 0.632121
0.632121 0.632121
0.632121 0.632121
0.632121 0.632121
0.632121 0.632121
0.632121 0.632121
0.632121 0.632121
0.632121 0.632121
0.632121 0.632121
0.632121 0.632121
0.216299 0.912021
0.632121 0.632121
0.632121 0.632121
0.632121 0.632121
0.632121 0.632121
0.632121 0.632121
0.110121 0.942880
0.632121 0.632121
0.632121 0.632121
0.632121 0.632121
0.632121 0.632121
0.632121 0.632121
0.632121 0.632121
0.523005 0.745297
0.632121 0.632121
0.632121 0.632121
0.434920 0.832252
0.632121 0.632121
0.012476 0.981445
0.632121 0.632121
0.632121 0.632121
0.632121 0.632121
0.632121 0.632121
0.632121 0.632121
0.632121 0.632121
0.632121 0.632121
0.431798 0.817442
0.632121 0.632121
0.632121 0.632121
0.024486 0.984907
0.632121 0.632121
0.014163 0.984271
0.632121 0.632121
0.632121 0.632121
0.632121 0.632121
0.632121 0.632121
0.433833 0.802669
0.632121 0.632121
0.632121 0.632121
0.013067 0.986443
0.308562 0.862471
0.632121 0.632121
0.632121 0.632121
0.632121 0.632121
0.585772 0.683779
0.316844 0.860357
0.632121 0.632121
0.580248 0.699198
0.632121 0.632121
0.632121 0.632121
0.632121 0.632121
0.021123 0.988881
0.632121 0.632121
0.632121 0.632121
0.632121 0.632121
0.292548 0.895321
0.026280 0.982514
0.632121 0.632121
0.632121 0.632121
0.632121 0.632121
0.632121 0.632121
0.632121 0.632121
0.632121 0.632121
0.632121 0.632121
0.632121 0.632121
0.632121 0.632121
0.506250 0.759636
0.632121 0.632121
0.632121 0.632121
0.632121 0.632121
0.422357 0.813324
0.632121 0.632121
0.632121 0.632121
0.632121 0.632121
0.632121 0.632121
0.437646 0.809423
0.632121 0.632121
0.632121 0.632121
0.035466 0.975651
0.172100 0.922740
0.632121 0.632121
0.192192 0.914184
0.632121 0.632121
0.632121 0.632121
0.632121 0.632121
0.632121 0.632121
0.632121 0.632121
0.632121 0.632121
0.632121 0.632121
0.632121 0.632121
0.632121 0.632121
0.632121 0.632121
0.632121 0.632121
0.632121 0.632121
0.016254 0.979153
0.632121 0.632121
0.024649 0.982838
0.632121 0.632121
0.028985 0.985110
0.632121 0.632121
0.354321 0.854276
0.632121 0.632121
0.632121 0.632121
0.632121 0.632121
0.632121 0.632121
0.589025 0.680228
0.632121 0.632121
0.632121 0.632121
0.632121 0.632121
0.560751 0.703708
0.019284 0.975252
0.632121 0.632121
0.632121 0.632121
0.632121 0.632121
0.016254 0.979153
0.632121 0.632121
0.632121 0.632121
0.632121 0.632121
0.632121 0.632121
0.234109 0.904824
0.632121 0.632121
0.632121 0.632121
0.632121 0.632121
0.570538 0.693821
0.632121 0.632121
0.014591 0.980368
0.632121 0.632121
0.538211 0.722893
0.632121 0.632121
0.632121 0.632121
0.632121 0.632121
0.632121 0.632121
0.632121 0.632121
0.632121 0.632121
0.632121 0.632121
0.297686 0.882254
0.632121 0.632121
0.632121 0.632121
0.632121 0.632121
0.632121 0.632121
0.632121 0.632121
0.532814 0.735571
0.632121 0.632121
0.632121 0.632121
0.632121 0.632121
0.632121 0.632121
0.632121 0.632121
0.632121 0.632121
0.570519 0.711368
0.632121 0.632121
0.632121 0.632121
0.632121 0.632121
0.411190 0.816243
0.632121 0.632121
0.632121 0.632121
0.179491 0.928870
0.632121 0.632121
0.632121 0.632121
0.251081 0.892728
0.632121 0.632121
0.576758 0.689822
0.632121 0.632121
0.632121 0.632121
0.158642 0.949432
0.632121 0.632121
0.632121 0.632121
0.632121 0.632121
0.632121 0.632121
0.632121 0.632121
0.632121 0.632121
0.632121 0.632121
0.007635 0.982563
0.632121 0.632121
0.632121 0.632121
0.632121 0.632121
0.632121 0.632121
0.632121 0.632121
0.632121 0.632121
0.632121 0.632121
0.632121 0.632121
0.632121 0.632121
0.632121 0.632121
0.632121 0.632121
0.632121 0.632121
0.632121 0.632121
0.632121 0.632121
0.632121 0.632121
0.632121 0.632121
0.632121 0.632121
0.632121 0.632121
0.294314 0.880169
0.228063 0.903427
0.632121 0.632121
0.375660 0.825217
0.632121 0.632121
0.632121 0.632121
0.632121 0.632121
0.632121 0.632121
0.519808 0.744033
0.632121 0.632121
0.306751 0.864536
0.632121 0.632121
0.632121 0.632121
0.632121 0.632121
0.632121 0.632121
0.011936 0.988153
0.632121 0.632121
0.632121 0.632121
0.632121 0.632121
0.632121 0.632121
0.632121 0.632121
0.632121 0.632121
0.632121 0.632121
0.632121 0.632121
0.521325 0.734295
0.632121 0.632121
0.632121 0.632121
0.632121 0.632121
0.467911 0.774577
0.632121 0.632121
0.632121 0.632121
0.573319 0.712030
0.632121 0.632121
0.632121 0.632121
0.332241 0.874729
0.632121 0.632121
0.443321 0.796604
0.632121 0.632121
0.632121 0.632121
0.632121 0.632121
0.632121 0.632121
0.632121 0.632121
0.632121 0.632121
0.632121 0.632121
0.632121 0.632121
0.632121 0.632121
0.632121 0.632121
0.394089 0.830012
0.632121 0.632121
0.632121 0.632121
0.632121 0.632121
0.632121 0.632121
0.632121 0.632121
0.460472 0.790776
0.221350 0.909657
0.112666 0.943975
0.356040 0.847385
0.029618 0.986118
0.632121 0.632121
0.315019 0.887698
0.021507 0.972696
0.632121 0.632121
0.632121 0.632121
0.632121 0.632121
0.632121 0.632121
0.114067 0.942715
0.632121 0.632121
0.632121 0.632121
0.632121 0.632121
0.632121 0.632121
0.632121 0.632121
0.019229 0.981232
0.112927 0.939762
0.632121 0.632121
0.632121 0.632121
0.632121 0.632121
0.380120 0.825321
0.632121 0.632121
0.577629 0.695023
0.166712 0.943944
0.632121 0.632121
0.632121 0.632121
0.632121 0.632121
0.632121 0.632121
0.018421 0.985502
0.594185 0.669457
0.632121 0.632121
0.632121 0.632121
0.632121 0.632121
0.632121 0.632121
0.632121 0.632121
0.632121 0.632121
0.632121 0.632121
0.519644 0.759531
0.632121 0.632121
0.632121 0.632121
0.219945 0.900949
0.632121 0.632121
0.632121 0.632121
0.632121 0.632121
0.632121 0.632121
0.632121 0.632121
0.632121 0.632121
0.632121 0.632121
0.632121 0.632121
0.632121 0.632121
0.632121 0.632121
0.632121 0.632121
0.011597 0.978936
0.566499 0.701823
0.139299 0.931845
0.632121 0.632121
0.632121 0.632121
0.632121 0.632121
0.632121 0.632121
0.632121 0.632121
0.632121 0.632121
0.632121 0.632121
0.632121 0.632121
0.632121 0.632121
0.632121 0.632121
0.632121 0.632121
0.632121 0.632121
0.632121 0.632121
0.632121 0.632121
0.632121 0.632121
0.632121 0.632121
0.632121 0.632121
0.632121 0.632121
0.556177 0.711477
0.026097 0.977525
0.632121 0.632121
0.022316 0.977923
0.632121 0.632121
0.632121 0.632121
0.327905 0.871469
0.632121 0.632121
0.632121 0.632121
0.632121 0.632121
0.475452 0.773354
0.632121 0.632121
0.632121 0.632121
0.632121 0.632121
0.632121 0.632121
0.632121 0.632121
0.632121 0.632121
0.632121 0.632121
0.077673 0.954639
0.632121 0.632121
0.632121 0.632121
0.632121 0.632121
0.632121 0.632121
0.397951 0.827870
0.632121 0.632121
0.011094 0.983174
0.632121 0.632121
0.632121 0.632121
0.003273 0.980890
0.632121 0.632121
0.632121 0.632121
0.632121 0.632121
0.445702 0.795585
0.632121 0.632121
0.632121 0.632121
0.556850 0.708107
0.011094 0.983174
0.632121 0.632121
0.632121 0.632121
0.632121 0.632121
0.632121 0.632121
0.568004 0.697313
0.571394 0.695616
0.463603 0.789263
0.311869 0.886543
0.632121 0.632121
0.575350 0.691286
0.632121 0.632121
0.632121 0.632121
0.632121 0.632121
0.632121 0.632121
0.632121 0.632121
0.100774 0.954261
0.632121 0.632121
0.632121 0.632121
0.632121 0.632121
0.632121 0.632121
0.632121 0.632121
0.632121 0.632121
0.632121 0.632121
0.337662 0.852329
0.632121 0.632121
0.632121 0.632121
0.632121 0.632121
0.021596 0.983774
0.557498 0.704463
0.632121 0.632121
0.166282 0.919105
0.632121 0.632121
0.632121 0.632121
0.581168 0.685067
0.632121 0.632121
0.632121 0.632121
0.177132 0.921923
0.632121 0.632121
0.632121 0.632121
0.632121 0.632121
0.632121 0.632121
0.554035 0.714200
0.632121 0.632121
0.632121 0.632121
0.632121 0.632121
0.632121 0.632121
0.570354 0.697432
0.632121 0.632121
0.632121 0.632121
0.632121 0.632121
0.034114 0.982354
0.632121 0.632121
0.015125 0.984394
0.632121 0.632121
0.632121 0.632121
0.632121 0.632121
0.632121 0.632121
0.632121 0.632121
0.632121 0.632121
0.632121 0.632121
0.632121 0.632121
0.632121 0.632121
0.632121 0.632121
0.632121 0.632121
0.632121 0.632121
0.012150 0.983408
0.632121 0.632121
0.632121 0.632121
0.555445 0.714382
0.632121 0.632121
0.632121 0.632121
0.632121 0.632121
0.632121 0.632121
0.632121 0.632121
0.632121 0.632121
0.632121 0.632121
0.632121 0.632121
0.632121 0.632121
0.632121 0.632121
0.632121 0.632121
0.632121 0.632121
0.582244 0.686991
0.632121 0.632121
0.632121 0.632121
0.632121 0.632121
0.632121 0.632121
0.632121 0.632121
0.632121 0.632121
0.632121 0.632121
0.014302 0.979121
0.632121 0.632121
0.632121 0.632121
0.632121 0.632121
0.632121 0.632121
0.632121 0.632121
0.593049 0.678910
0.632121 0.632121
0.113782 0.943135
0.632121 0.632121
0.632121 0.632121
0.632121 0.632121
0.632121 0.632121
0.632121 0.632121
0.632121 0.632121
0.632121 0.632121
0.510435 0.745853
0.632121 0.632121
0.632121 0.632121
0.632121 0.632121
0.632121 0.632121
0.632121 0.632121
0.012188 0.978811
0.632121 0.632121
0.632121 0.632121
0.632121 0.632121
0.632121 0.632121
0.632121 0.632121
0.632121 0.632121
0.632121 0.632121
0.632121 0.632121
0.331014 0.886443
0.632121 0.632121
0.632121 0.632121
0.632121 0.632121
0.632121 0.632121
0.575641 0.691320
0.632121 0.632121
0.412545 0.816711
0.632121 0.632121
0.632121 0.632121
0.632121 0.632121
0.632121 0.632121
0.632121 0.632121
0.573389 0.694194
0.195927 0.923508
0.632121 0.632121
0.188828 0.919447
0.632121 0.632121
0.632121 0.632121
0.101753 0.944764
0.351163 0.847205
0.632121 0.632121
0.632121 0.632121
0.632121 0.632121
0.632121 0.632121
0.632121 0.632121
0.632121 0.632121
0.632121 0.632121
0.632121 0.632121
0.632121 0.632121
0.632121 0.632121
0.632121 0.632121
0.632121 0.632121
0.632121 0.632121
0.632121 0.632121
0.632121 0.632121
0.632121 0.632121
0.323077 0.868100
0.632121 0.632121
0.632121 0.632121
0.632121 0.632121
0.632121 0.632121
0.632121 0.632121
0.632121 0.632121
0.632121 0.632121
0.632121 0.632121
0.632121 0.632121
0.632121 0.632121
0.632121 0.632121
0.632121 0.632121
0.632121 0.632121
0.632121 0.632121
0.632121 0.632121
0.528717 0.753880
0.632121 0.632121
0.632121 0.632121
0.632121 0.632121
0.632121 0.632121
0.632121 0.632121
0.632121 0.632121
0.011071 0.982019
0.632121 0.632121
0.632121 0.632121
0.566645 0.702286
0.632121 0.632121
0.632121 0.632121
0.632121 0.632121
0.632121 0.632121
0.632121 0.632121
0.632121 0.632121
0.562495 0.707201
0.632121 0.632121
0.632121 0.632121
0.632121 0.632121
0.632121 0.632121
0.562778 0.701877
0.632121 0.632121
0.087553 0.948448
0.632121 0.632121
0.019657 0.982691
0.570107 0.698000
0.373229 0.843676
0.632121 0.632121
0.632121 0.632121
0.632121 0.632121
0.632121 0.632121
0.632121 0.632121
0.632121 0.632121
0.632121 0.632121
0.632121 0.632121
0.102017 0.942108
0.632121 0.632121
0.632121 0.632121
0.632121 0.632121
0.632121 0.632121
0.632121 0.632121
0.632121 0.632121
0.632121 0.632121
0.632121 0.632121
0.632121 0.632121
0.632121 0.632121
0.632121 0.632121
0.632121 0.632121
0.632121 0.632121
0.489503 0.771048
0.279197 0.897475
0.079604 0.956116
0.023096 0.980542
0.632121 0.632121
0.632121 0.632121
0.632121 0.632121
0.632121 0.632121
0.545093 0.725591
0.632121 0.632121
0.011976 0.980649
0.632121 0.632121
0.632121 0.632121
0.632121 0.632121
0.361455 0.843487
0.029494 0.973714
0.513979 0.750135
0.632121 0.632121
0.632121 0.632121
0.632121 0.632121
0.632121 0.632121
0.632121 0.632121
0.548762 0.721327
0.632121 0.632121
0.632121 0.632121
0.632121 0.632121
0.632121 0.632121
0.439262 0.802644
0.632121 0.632121
0.632121 0.632121
0.632121 0.632121
0.356048 0.835115
0.477561 0.789578
0.632121 0.632121
0.498294 0.760545
0.632121 0.632121
0.446996 0.795096
0.632121 0.632121
0.632121 0.632121
0.632121 0.632121
0.632121 0.632121
0.632121 0.632121
0.632121 0.632121
0.632121 0.632121
0.632121 0.632121
0.632121 0.632121
0.184035 0.944095
0.632121 0.632121
0.522434 0.739107
0.632121 0.632121
0.632121 0.632121
0.632121 0.632121
0.632121 0.632121
0.632121 0.632121
0.568057 0.699484
0.632121 0.632121
0.572882 0.691575
0.632121 0.632121
0.579742 0.693301
0.632121 0.632121
0.632121 0.632121
0.632121 0.632121
0.632121 0.632121
0.632121 0.632121
0.632121 0.632121
0.178277 0.921179
0.399042 0.834606
0.632121 0.632121
0.462623 0.791791
0.632121 0.632121
0.632121 0.632121
0.632121 0.632121
0.632121 0.632121
0.632121 0.632121
0.632121 0.632121
0.632121 0.632121
0.632121 0.632121
0.632121 0.632121
0.343447 0.868409
0.632121 0.632121
0.632121 0.632121
0.632121 0.632121
0.549927 0.713457
0.632121 0.632121
0.632121 0.632121
0.632121 0.632121
0.403748 0.814575
0.632121 0.632121
0.014521 0.985496
0.632121 0.632121
0.632121 0.632121
0.632121 0.632121
0.632121 0.632121
0.632121 0.632121
0.012803 0.983366
0.632121 0.632121
0.632121 0.632121
0.014539 0.983487
0.632121 0.632121
0.632121 0.632121
0.632121 0.632121
0.632121 0.632121
0.632121 0.632121
0.632121 0.632121
0.096915 0.946047
0.632121 0.632121
0.632121 0.632121
0.632121 0.632121
0.252404 0.884905
0.632121 0.632121
0.632121 0.632121
0.632121 0.632121
0.632121 0.632121
0.340425 0.864391
0.632121 0.632121
0.571432 0.696001
0.632121 0.632121
0.632121 0.632121
0.632121 0.632121
0.011392 0.985062
0.632121 0.632121
0.632121 0.632121
0.632121 0.632121
0.632121 0.632121
0.632121 0.632121
0.632121 0.632121
0.632121 0.632121
0.632121 0.632121
0.632121 0.632121
0.632121 0.632121
0.055233 0.966560
0.632121 0.632121
0.632121 0.632121
0.632121 0.632121
0.632121 0.632121
0.594581 0.670498
0.227931 0.914316
0.270725 0.889276
0.632121 0.632121
0.632121 0.632121
0.632121 0.632121
0.632121 0.632121
0.632121 0.632121
0.632121 0.632121
0.632121 0.632121
0.632121 0.632121
0.632121 0.632121
0.632121 0.632121
0.632121 0.632121
0.632121 0.632121
0.286785 0.887210
0.632121 0.632121
0.632121 0.632121
0.632121 0.632121
0.580679 0.683496
0.632121 0.632121
0.632121 0.632121
0.632121 0.632121
0.358321 0.841785
0.632121 0.632121
0.344980 0.861915
0.632121 0.632121
0.632121 0.632121
0.192891 0.938497
0.235383 0.896598
0.632121 0.632121
0.632121 0.632121
0.632121 0.632121
0.632121 0.632121
0.632121 0.632121
0.632121 0.632121
0.632121 0.632121
0.632121 0.632121
0.632121 0.632121
0.632121 0.632121
0.632121 0.632121
0.632121 0.632121
0.632121 0.632121
0.378602 0.838492
0.632121 0.632121
0.632121 0.632121
0.632121 0.632121
0.632121 0.632121
0.632121 0.632121
0.632121 0.632121
0.632121 0.632121
0.014061 0.981668
0.632121 0.632121
0.632121 0.632121
0.622981 0.641615
0.632121 0.632121
0.632121 0.632121
0.632121 0.632121
0.632121 0.632121
0.632121 0.632121
0.632121 0.632121
0.632121 0.632121
0.632121 0.632121
0.632121 0.632121
0.632121 0.632121
0.632121 0.632121
0.632121 0.632121
0.632121 0.632121
0.632121 0.632121
0.632121 0.632121
0.632121 0.632121
0.021300 0.979825
0.632121 0.632121
0.632121 0.632121
0.632121 0.632121
0.632121 0.632121
0.575792 0.687602
0.632121 0.632121
0.632121 0.632121
0.632121 0.632121
0.632121 0.632121
0.632121 0.632121
0.632121 0.632121
0.632121 0.632121
0.588350 0.679486
0.632121 0.632121
0.632121 0.632121
0.632121 0.632121
0.632121 0.632121
0.004632 0.981094
0.632121 0.632121
0.428713 0.860188
0.632121 0.632121
0.632121 0.632121
0.632121 0.632121
0.632121 0.632121
0.543673 0.719405
0.016122 0.983389
0.632121 0.632121
0.632121 0.632121
0.004632 0.981094
0.632121 0.632121
0.392587 0.855762
0.632121 0.632121
0.632121 0.632121
0.632121 0.632121
0.632121 0.632121
0.632121 0.632121
0.171380 0.922674
0.632121 0.632121
0.632121 0.632121
0.632121 0.632121
0.632121 0.632121
0.632121 0.632121
0.632121 0.632121
0.632121 0.632121
0.632121 0.632121
0.632121 0.632121
0.632121 0.632121
0.383714 0.833347
0.632121 0.632121
0.448769 0.823512
0.632121 0.632121
0.632121 0.632121
0.632121 0.632121
0.632121 0.632121
0.632121 0.632121
0.632121 0.632121
0.632121 0.632121
0.632121 0.632121
0.632121 0.632121
0.537858 0.735905
0.632121 0.632121
0.632121 0.632121
0.632121 0.632121
0.591759 0.680800
0.632121 0.632121
0.632121 0.632121
0.375554 0.846228
0.293183 0.872821
0.632121 0.632121
0.466847 0.805231
0.500273 0.756190
0.632121 0.632121
0.632121 0.632121
0.632121 0.632121
0.632121 0.632121
0.632121 0.632121
0.632121 0.632121
0.026961 0.979316
0.305846 0.872619
0.562962 0.715523
0.632121 0.632121
0.632121 0.632121
0.632121 0.632121
0.632121 0.632121
0.632121 0.632121
0.632121 0.632121
0.632121 0.632121
0.632121 0.632121
0.632121 0.632121
0.632121 0.632121
0.632121 0.632121
0.023730 0.981744
0.632121 0.632121
0.024325 0.982877
0.011804 0.975964
0.632121 0.632121
0.632121 0.632121
0.632121 0.632121
0.632121 0.632121
0.632121 0.632121
0.290332 0.900938
0.632121 0.632121
0.632121 0.632121
0.632121 0.632121
0.632121 0.632121
0.632121 0.632121
0.632121 0.632121
0.632121 0.632121
0.632121 0.632121
0.632121 0.632121
0.632121 0.632121
0.632121 0.632121
0.632121 0.632121
0.022791 0.981192
0.632121 0.632121
0.632121 0.632121
0.632121 0.632121
0.632121 0.632121
0.632121 0.632121
0.017772 0.980772
0.569067 0.699503
0.632121 0.632121
0.632121 0.632121
0.632121 0.632121
0.632121 0.632121
0.632121 0.632121
0.632121 0.632121
0.632121 0.632121
0.632121 0.632121
0.632121 0.632121
0.632121 0.632121
0.632121 0.632121
0.632121 0.632121
0.023645 0.978772
0.632121 0.632121
0.632121 0.632121
0.632121 0.632121
0.632121 0.632121
0.632121 0.632121
0.632121 0.632121
0.632121 0.632121
0.632121 0.632121
0.539629 0.721318
0.632121 0.632121
0.632121 0.632121
0.632121 0.632121
0.027927 0.982733
0.021435 0.985354
0.632121 0.632121
0.632121 0.632121
0.632121 0.632121
0.632121 0.632121
0.008839 0.983609
0.632121 0.632121
0.632121 0.632121
0.598825 0.670795
0.632121 0.632121
0.632121 0.632121
0.632121 0.632121
0.632121 0.632121
0.023531 0.974007
0.632121 0.632121
0.632121 0.632121
0.632121 0.632121
0.632121 0.632121
0.632121 0.632121
0.632121 0.632121
0.632121 0.632121
0.632121 0.632121
0.407572 0.813999
0.632121 0.632121
0.632121 0.632121
0.632121 0.632121
0.632121 0.632121
0.632121 0.632121
0.030547 0.986445
0.632121 0.632121
0.632121 0.632121
0.632121 0.632121
0.632121 0.632121
0.323075 0.868374
0.632121 0.632121
0.632121 0.632121
0.632121 0.632121
0.632121 0.632121
0.632121 0.632121
0.632121 0.632121
0.632121 0.632121
0.632121 0.632121
0.632121 0.632121
0.632121 0.632121
0.632121 0.632121
0.012433 0.980481
0.632121 0.632121
0.632121 0.632121
0.632121 0.632121
0.632121 0.632121
0.632121 0.632121
0.632121 0.632121
0.133564 0.933369
0.632121 0.632121
0.632121 0.632121
0.632121 0.632121
0.233941 0.890523
0.632121 0.632121
0.632121 0.632121
0.632121 0.632121
0.632121 0.632121
0.632121 0.632121
0.516261 0.761386
0.632121 0.632121
0.632121 0.632121
0.582400 0.683637
0.191233 0.922373
0.632121 0.632121
0.632121 0.632121
0.632121 0.632121
0.632121 0.632121
0.632121 0.632121
0.243671 0.891441
0.632121 0.632121
0.632121 0.632121
0.464904 0.801159
0.632121 0.632121
0.632121 0.632121
0.632121 0.632121
0.012843 0.981830
0.632121 0.632121
0.632121 0.632121
0.511819 0.752278
0.632121 0.632121
0.632121 0.632121
0.632121 0.632121
0.632121 0.632121
0.632121 0.632121
0.632121 0.632121
0.632121 0.632121
0.632121 0.632121
0.632121 0.632121
0.632121 0.632121
0.632121 0.632121
0.019346 0.983297
0.632121 0.632121
0.632121 0.632121
0.416294 0.815646
0.034624 0.984706
0.268563 0.894727
0.632121 0.632121
0.632121 0.632121
0.632121 0.632121
0.010904 0.975930
0.632121 0.632121
0.632121 0.632121
0.632121 0.632121
0.173159 0.920395
0.125298 0.949849
0.632121 0.632121
0.632121 0.632121
0.632121 0.632121
0.632121 0.632121
0.632121 0.632121
0.632121 0.632121
0.632121 0.632121
0.632121 0.632121
0.417748 0.820346
0.270785 0.902994
0.486672 0.764695
0.632121 0.632121
0.632121 0.632121
0.371493 0.843557
0.632121 0.632121
0.493854 0.769579
0.632121 0.632121
0.632121 0.632121
0.632121 0.632121
0.534027 0.726200
0.632121 0.632121
0.632121 0.632121
0.632121 0.632121
0.632121 0.632121
0.020949 0.981917
0.025353 0.980999
0.632121 0.632121
0.632121 0.632121
0.632121 0.632121
0.449974 0.796135
0.632121 0.632121
0.632121 0.632121
0.632121 0.632121
0.632121 0.632121
0.632121 0.632121
0.020481 0.985805
0.539601 0.735207
0.632121 0.632121
0.632121 0.632121
0.632121 0.632121
0.632121 0.632121
0.632121 0.632121
0.288648 0.874825
0.011889 0.984275
0.632121 0.632121
0.632121 0.632121
0.632121 0.632121
0.632121 0.632121
0.632121 0.632121
0.632121 0.632121
0.632121 0.632121
0.632121 0.632121
0.632121 0.632121
0.632121 0.632121
0.632121 0.632121
0.632121 0.632121
0.632121 0.632121
0.247421 0.901549
0.632121 0.632121
0.632121 0.632121
0.110166 0.940507
0.632121 0.632121
0.562677 0.705564
0.110316 0.954053
0.012481 0.986307
0.632121 0.632121
0.225818 0.919895
0.632121 0.632121
0.632121 0.632121
0.602489 0.665911
0.632121 0.632121
0.107973 0.939018
0.632121 0.632121
0.632121 0.632121
0.173242 0.925684
0.632121 0.632121
0.632121 0.632121
0.632121 0.632121
0.632121 0.632121
0.241980 0.893169
0.632121 0.632121
0.012361 0.985753
0.632121 0.632121
0.632121 0.632121
0.632121 0.632121
0.632121 0.632121
0.632121 0.632121
0.632121 0.632121
0.632121 0.632121
0.023582 0.975444
0.632121 0.632121
0.632121 0.632121
0.632121 0.632121
0.632121 0.632121
0.632121 0.632121
0.632121 0.632121
0.632121 0.632121
0.632121 0.632121
0.632121 0.632121
0.489183 0.787538
0.632121 0.632121
0.632121 0.632121
0.632121 0.632121
0.632121 0.632121
0.632121 0.632121
0.632121 0.632121
0.508626 0.751606
0.143087 0.940207
0.304339 0.871576
0.632121 0.632121
0.632121 0.632121
0.579166 0.687151
0.632121 0.632121
0.632121 0.632121
0.632121 0.632121
0.632121 0.632121
0.632121 0.632121
0.564727 0.700034
0.632121 0.632121
0.576960 0.704580
0.632121 0.632121
0.632121 0.632121
0.632121 0.632121
0.360913 0.846455
0.632121 0.632121
0.632121 0.632121
0.632121 0.632121
0.632121 0.632121
0.632121 0.632121
0.413054 0.821066
0.632121 0.632121
0.632121 0.632121
0.632121 0.632121
0.632121 0.632121
0.632121 0.632121
0.632121 0.632121
0.632121 0.632121
0.632121 0.632121
0.632121 0.632121
0.279457 0.878656
0.632121 0.632121
0.632121 0.632121
0.632121 0.632121
0.632121 0.632121
0.632121 0.632121
0.632121 0.632121
0.585166 0.680964
0.632121 0.632121
0.632121 0.632121
0.632121 0.632121
0.632121 0.632121
0.632121 0.632121
0.632121 0.632121
0.632121 0.632121
0.632121 0.632121
0.632121 0.632121
0.632121 0.632121
0.632121 0.632121
0.632121 0.632121
0.632121 0.632121
0.632121 0.632121
0.561706 0.711158
0.632121 0.632121
0.632121 0.632121
0.632121 0.632121
0.632121 0.632121
0.632121 0.632121
0.632121 0.632121
0.632121 0.632121
0.632121 0.632121
0.632121 0.632121
0.632121 0.632121
0.632121 0.632121
0.100834 0.954720
0.632121 0.632121
0.632121 0.632121
0.632121 0.632121
0.632121 0.632121
0.156139 0.940199
0.632121 0.632121
0.580398 0.685794
0.632121 0.632121
0.632121 0.632121
0.632121 0.632121
0.632121 0.632121
0.632121 0.632121
0.632121 0.632121
0.632121 0.632121
0.208790 0.926166
0.375871 0.858664
0.632121 0.632121
0.632121 0.632121
0.632121 0.632121
0.423926 0.819347
0.023841 0.986716
0.602330 0.662568
0.632121 0.632121
0.632121 0.632121
0.632121 0.632121
0.632121 0.632121
0.632121 0.632121
0.632121 0.632121
0.030158 0.980993
0.632121 0.632121
0.632121 0.632121
0.632121 0.632121
0.228201 0.909467
0.632121 0.632121
0.586413 0.684951
0.632121 0.632121
0.632121 0.632121
0.528201 0.740763
0.166504 0.938739
0.632121 0.632121
0.632121 0.632121
0.511901 0.759185
0.462446 0.782820
0.557651 0.712218
0.097483 0.943522
0.567950 0.701298
0.632121 0.632121
0.632121 0.632121
0.020296 0.983835
0.632121 0.632121
0.632121 0.632121
0.632121 0.632121
0.632121 0.632121
0.632121 0.632121
0.632121 0.632121
0.632121 0.632121
0.632121 0.632121
0.632121 0.632121
0.632121 0.632121
0.020296 0.983835
0.629484 0.634786
0.632121 0.632121
0.632121 0.632121
0.632121 0.632121
0.632121 0.632121
0.299659 0.871357
0.632121 0.632121
0.632121 0.632121
0.632121 0.632121
0.151434 0.923925
0.498852 0.758606
0.632121 0.632121
0.632121 0.632121
0.632121 0.632121
0.023144 0.985867
0.018053 0.978000
0.632121 0.632121
0.632121 0.632121
0.632121 0.632121
0.632121 0.632121
0.632121 0.632121
0.632121 0.632121
0.205495 0.912137
0.510786 0.748879
0.632121 0.632121
0.564281 0.703461
0.632121 0.632121
0.632121 0.632121
0.269077 0.908878
0.632121 0.632121
0.004030 0.982452
0.632121 0.632121
0.632121 0.632121
0.632121 0.632121
0.022622 0.971000
0.347016 0.841598
0.022622 0.971000
0.015098 0.980422
0.408861 0.841455
0.632121 0.632121
0.632121 0.632121
0.632121 0.632121
0.632121 0.632121
0.632121 0.632121
0.011908 0.983330
0.632121 0.632121
0.632121 0.632121
0.632121 0.632121
0.574189 0.694261
0.632121 0.632121
0.632121 0.632121
0.632121 0.632121
0.198411 0.921483
0.021997 0.980193
0.632121 0.632121
0.632121 0.632121
0.632121 0.632121
0.552297 0.710478
0.568834 0.698511
0.632121 0.632121
0.632121 0.632121
0.632121 0.632121
0.632121 0.632121
0.632121 0.632121
0.426941 0.813817
0.632121 0.632121
0.449126 0.799314
0.632121 0.632121
0.113678 0.938533
0.632121 0.632121
0.113678 0.938533
0.086345 0.961915
0.632121 0.632121
0.632121 0.632121
0.632121 0.632121
0.632121 0.632121
0.632121 0.632121
0.632121 0.632121
0.632121 0.632121
0.157951 0.919815
0.632121 0.632121
0.632121 0.632121
0.632121 0.632121
0.632121 0.632121
0.632121 0.632121
0.632121 0.632121
0.396197 0.827144
0.632121 0.632121
0.632121 0.632121
0.632121 0.632121
0.632121 0.632121
0.632121 0.632121
0.408186 0.824634
0.632121 0.632121
0.632121 0.632121
0.023553 0.967687
0.631132 0.633113
0.632121 0.632121
0.632121 0.632121
0.632121 0.632121
0.632121 0.632121
0.586464 0.682144
0.632121 0.632121
0.632121 0.632121
0.632121 0.632121
0.632121 0.632121
0.632121 0.632121
0.632121 0.632121
0.632121 0.632121
0.010992 0.973137
0.632121 0.632121
0.632121 0.632121
0.632121 0.632121
0.632121 0.632121
0.632121 0.632121
0.632121 0.632121
0.632121 0.632121
0.632121 0.632121
0.010992 0.973137
0.632121 0.632121
0.632121 0.632121
0.632121 0.632121
0.632121 0.632121
0.632121 0.632121
0.025640 0.987511
0.405512 0.816976
0.632121 0.632121
0.632121 0.632121
0.632121 0.632121
0.632121 0.632121
0.416169 0.806013
0.488481 0.758270
0.632121 0.632121
0.632121 0.632121
0.632121 0.632121
0.632121 0.632121
0.632121 0.632121
0.632121 0.632121
0.632121 0.632121
0.632121 0.632121
0.632121 0.632121
0.632121 0.632121
0.632121 0.632121
0.632121 0.632121
0.025640 0.987511
0.632121 0.632121
0.632121 0.632121
0.632121 0.632121
0.490549 0.757721
0.632121 0.632121
0.632121 0.632121
0.019504 0.981773
0.632121 0.632121
0.632121 0.632121
0.632121 0.632121
0.325130 0.881802
0.632121 0.632121
0.632121 0.632121
0.632121 0.632121
0.368963 0.848338
0.183348 0.924375
0.632121 0.632121
0.632121 0.632121
0.632121 0.632121
0.632121 0.632121
0.632121 0.632121
0.632121 0.632121
0.632121 0.632121
0.632121 0.632121
0.632121 0.632121
0.632121 0.632121
0.012236 0.980222
0.628763 0.635524
0.492292 0.756522
0.632121 0.632121
0.632121 0.632121
0.576384 0.690325
0.632121 0.632121
0.632121 0.632121
0.632121 0.632121
0.567332 0.700747
0.632121 0.632121
0.632121 0.632121
0.632121 0.632121
0.632121 0.632121
0.632121 0.632121
0.632121 0.632121
0.632121 0.632121
0.632121 0.632121
0.632121 0.632121
0.632121 0.632121
0.632121 0.632121
0.465282 0.777745
0.632121 0.632121
0.632121 0.632121
0.632121 0.632121
0.632121 0.632121
0.632121 0.632121
0.632121 0.632121
0.632121 0.632121
0.632121 0.632121
0.497486 0.760106
0.632121 0.632121
0.632121 0.632121
0.632121 0.632121
0.632121 0.632121
0.196134 0.915243
0.567220 0.695195
0.423971 0.799906
0.632121 0.632121
0.632121 0.632121
0.632121 0.632121
0.017279 0.977831
0.632121 0.632121
0.095927 0.944644
0.182901 0.919489
0.632121 0.632121
0.632121 0.632121
0.632121 0.632121
0.632121 0.632121
0.632121 0.632121
0.276867 0.909380
0.632121 0.632121
0.010721 0.975851
0.499899 0.752921
0.632121 0.632121
0.632121 0.632121
0.632121 0.632121
0.632121 0.632121
0.632121 0.632121
0.632121 0.632121
0.632121 0.632121
0.632121 0.632121
0.126530 0.936124
0.385617 0.819137
0.632121 0.632121
0.632121 0.632121
0.369870 0.834796
0.632121 0.632121
0.542818 0.721337
0.632121 0.632121
0.632121 0.632121
0.632121 0.632121
0.632121 0.632121
0.632121 0.632121
0.632121 0.632121
0.632121 0.632121
0.632121 0.632121
0.632121 0.632121
0.632121 0.632121
0.632121 0.632121
0.632121 0.632121
0.632121 0.632121
0.497182 0.754668
0.632121 0.632121
0.632121 0.632121
0.632121 0.632121
0.013003 0.978607
0.632121 0.632121
0.632121 0.632121
0.023762 0.980508
0.632121 0.632121
0.632121 0.632121
0.632121 0.632121
0.632121 0.632121
0.572959 0.694131
0.632121 0.632121
0.632121 0.632121
0.632121 0.632121
0.632121 0.632121
0.632121 0.632121
0.632121 0.632121
0.632121 0.632121
0.632121 0.632121
0.632121 0.632121
0.632121 0.632121
0.632121 0.632121
0.408710 0.808999
0.632121 0.632121
0.551565 0.710479
0.632121 0.632121
0.632121 0.632121
0.632121 0.632121
0.632121 0.632121
0.632121 0.632121
0.632121 0.632121
0.632121 0.632121
0.632121 0.632121
0.632121 0.632121
0.632121 0.632121
0.632121 0.632121
0.632121 0.632121
0.632121 0.632121
0.632121 0.632121
0.632121 0.632121
0.632121 0.632121
0.632121 0.632121
0.632121 0.632121
0.429327 0.824034
0.278181 0.896031
0.632121 0.632121
0.632121 0.632121
0.021903 0.986123
0.632121 0.632121
0.632121 0.632121
0.632121 0.632121
0.632121 0.632121
0.632121 0.632121
0.632121 0.632121
0.632121 0.632121
0.632121 0.632121
0.632121 0.632121
0.632121 0.632121
0.632121 0.632121
0.632121 0.632121
0.485735 0.764516
0.632121 0.632121
0.632121 0.632121
0.632121 0.632121
0.565154 0.703536
0.632121 0.632121
0.632121 0.632121
0.632121 0.632121
0.632121 0.632121
0.632121 0.632121
0.632121 0.632121
0.632121 0.632121
0.632121 0.632121
0.632121 0.632121
0.632121 0.632121
0.632121 0.632121
0.632121 0.632121
0.632121 0.632121
0.632121 0.632121
0.632121 0.632121
0.632121 0.632121
0.632121 0.632121
0.632121 0.632121
0.632121 0.632121
0.632121 0.632121
0.632121 0.632121
0.632121 0.632121
0.632121 0.632121
0.015656 0.978603
0.440008 0.798296
0.632121 0.632121
0.632121 0.632121
0.017837 0.985914
0.632121 0.632121
0.434932 0.798228
0.632121 0.632121
0.632121 0.632121
0.632121 0.632121
0.632121 0.632121
0.016154 0.982444
0.024274 0.987615
0.632121 0.632121
0.203481 0.921710
0.632121 0.632121
0.632121 0.632121
0.456217 0.783962
0.018401 0.980010
0.632121 0.632121
0.632121 0.632121
0.632121 0.632121
0.632121 0.632121
0.632121 0.632121
0.632121 0.632121
0.632121 0.632121
0.632121 0.632121
0.632121 0.632121
0.632121 0.632121
0.632121 0.632121
0.632121 0.632121
0.632121 0.632121
0.632121 0.632121
0.632121 0.632121
0.632121 0.632121
0.632121 0.632121
0.632121 0.632121
0.632121 0.632121
0.632121 0.632121
0.632121 0.632121
0.632121 0.632121
0.632121 0.632121
0.020338 0.987494
0.294705 0.887623
0.573632 0.693274
0.632121 0.632121
0.632121 0.632121
0.632121 0.632121
0.384453 0.843661
0.632121 0.632121
0.632121 0.632121
0.441527 0.796259
0.632121 0.632121
0.632121 0.632121
0.394418 0.854094
0.632121 0.632121
0.632121 0.632121
0.632121 0.632121
0.632121 0.632121
0.632121 0.632121
0.632121 0.632121
0.632121 0.632121
0.147752 0.936387
0.632121 0.632121
0.632121 0.632121
0.632121 0.632121
0.632121 0.632121
0.632121 0.632121
0.632121 0.632121
0.632121 0.632121
0.632121 0.632121
0.632121 0.632121
0.417417 0.819181
0.632121 0.632121
0.632121 0.632121
0.632121 0.632121
0.632121 0.632121
0.632121 0.632121
0.632121 0.632121
0.632121 0.632121
0.632121 0.632121
0.497371 0.752545
0.024073 0.976251
0.632121 0.632121
0.632121 0.632121
0.112026 0.937875
0.632121 0.632121
0.632121 0.632121
0.632121 0.632121
0.632121 0.632121
0.632121 0.632121
0.632121 0.632121
0.337811 0.854111
0.632121 0.632121
0.632121 0.632121
0.024630 0.977908
0.632121 0.632121
0.632121 0.632121
0.110685 0.943561
0.632121 0.632121
0.632121 0.632121
0.632121 0.632121
0.008638 0.984189
0.465608 0.774489
0.632121 0.632121
0.632121 0.632121
0.632121 0.632121
0.632121 0.632121
0.632121 0.632121
0.632121 0.632121
0.632121 0.632121
0.429097 0.802535
0.031198 0.970652
0.014080 0.980602
0.031198 0.970652
0.632121 0.632121
0.548919 0.724910
0.632121 0.632121
0.632121 0.632121
0.632121 0.632121
0.632121 0.632121
0.025568 0.982599
0.632121 0.632121
0.031198 0.970652
0.014080 0.980602
0.459072 0.792580
0.632121 0.632121
0.632121 0.632121
0.632121 0.632121
0.632121 0.632121
0.632121 0.632121
0.632121 0.632121
0.239991 0.900280
0.632121 0.632121
0.352492 0.859517
0.176862 0.920367
0.632121 0.632121
0.632121 0.632121
0.632121 0.632121
0.632121 0.632121
0.632121 0.632121
0.632121 0.632121
0.632121 0.632121
0.632121 0.632121
0.632121 0.632121
0.632121 0.632121
0.632121 0.632121
0.632121 0.632121
0.632121 0.632121
0.632121 0.632121
0.632121 0.632121
0.632121 0.632121
0.632121 0.632121
0.632121 0.632121
0.250230 0.891566
0.632121 0.632121
0.632121 0.632121
0.632121 0.632121
0.469228 0.802687
0.632121 0.632121
0.632121 0.632121
0.632121 0.632121
0.632121 0.632121
0.632121 0.632121
0.632121 0.632121
0.632121 0.632121
0.632121 0.632121
0.632121 0.632121
0.632121 0.632121
0.632121 0.632121
0.632121 0.632121
0.632121 0.632121
0.632121 0.632121
0.632121 0.632121
0.632121 0.632121
0.632121 0.632121
0.632121 0.632121
0.632121 0.632121
0.632121 0.632121
0.632121 0.632121
0.632121 0.632121
0.632121 0.632121
0.632121 0.632121
0.632121 0.632121
0.632121 0.632121
0.407457 0.813763
0.632121 0.632121
0.606058 0.658961
0.632121 0.632121
0.189625 0.936557
0.632121 0.632121
0.632121 0.632121
0.632121 0.632121
0.632121 0.632121
0.023445 0.973781
0.632121 0.632121
0.632121 0.632121
0.632121 0.632121
0.632121 0.632121
0.632121 0.632121
0.632121 0.632121
0.632121 0.632121
0.632121 0.632121
0.632121 0.632121
0.632121 0.632121
0.632121 0.632121
0.632121 0.632121
0.632121 0.632121
0.632121 0.632121
0.588678 0.676959
0.632121 0.632121
0.632121 0.632121
0.632121 0.632121
0.632121 0.632121
0.632121 0.632121
0.552925 0.712354
0.632121 0.632121
0.632121 0.632121
0.632121 0.632121
0.632121 0.632121
0.022882 0.985063
0.632121 0.632121
0.632121 0.632121
0.632121 0.632121
0.632121 0.632121
0.632121 0.632121
0.632121 0.632121
0.632121 0.632121
0.632121 0.632121
0.632121 0.632121
0.632121 0.632121
0.632121 0.632121
0.632121 0.632121
0.632121 0.632121
0.632121 0.632121
0.632121 0.632121
0.632121 0.632121
0.632121 0.632121
0.560019 0.705632
0.632121 0.632121
0.632121 0.632121
0.632121 0.632121
0.632121 0.632121
0.018238 0.982634
0.632121 0.632121
0.632121 0.632121
0.018949 0.976570
0.632121 0.632121
0.632121 0.632121
0.339473 0.857712
0.521680 0.750658
0.632121 0.632121
0.632121 0.632121
0.632121 0.632121
0.018238 0.982634
0.632121 0.632121
0.632121 0.632121
0.217719 0.905806
0.632121 0.632121
0.632121 0.632121
0.632121 0.632121
0.412757 0.826900
0.095541 0.948258
0.019978 0.978541
0.627168 0.637176
0.632121 0.632121
0.632121 0.632121
0.576133 0.690448
0.632121 0.632121
0.632121 0.632121
0.632121 0.632121
0.632121 0.632121
0.632121 0.632121
0.008491 0.982916
0.632121 0.632121
0.632121 0.632121
0.456638 0.797608
0.567222 0.696112
0.632121 0.632121
0.632121 0.632121
0.632121 0.632121
0.632121 0.632121
0.632121 0.632121
0.632121 0.632121
0.488842 0.774488
0.632121 0.632121
0.632121 0.632121
0.180997 0.912634
0.632121 0.632121
0.632121 0.632121
0.026089 0.974033
0.145879 0.946473
0.632121 0.632121
0.632121 0.632121
0.557207 0.714990
0.632121 0.632121
0.632121 0.632121
0.632121 0.632121
0.632121 0.632121
0.632121 0.632121
0.209858 0.920581
0.632121 0.632121
0.632121 0.632121
0.632121 0.632121
0.632121 0.632121
0.632121 0.632121
0.632121 0.632121
0.632121 0.632121
0.632121 0.632121
0.632121 0.632121
0.632121 0.632121
0.632121 0.632121
0.632121 0.632121
0.632121 0.632121
0.632121 0.632121
0.632121 0.632121
0.632121 0.632121
0.018873 0.985714
0.632121 0.632121
0.632121 0.632121
0.632121 0.632121
0.632121 0.632121
0.632121 0.632121
0.632121 0.632121
0.632121 0.632121
0.632121 0.632121
0.314703 0.866988
0.632121 0.632121
0.015439 0.975253
0.632121 0.632121
0.632121 0.632121
0.632121 0.632121
0.632121 0.632121
0.503615 0.754424
0.632121 0.632121
0.632121 0.632121
0.632121 0.632121
0.632121 0.632121
0.632121 0.632121
0.632121 0.632121
0.632121 0.632121
0.632121 0.632121
0.632121 0.632121
0.632121 0.632121
0.632121 0.632121
0.632121 0.632121
0.632121 0.632121
0.632121 0.632121
0.632121 0.632121
0.030408 0.974154
0.632121 0.632121
0.632121 0.632121
0.632121 0.632121
0.632121 0.632121
0.632121 0.632121
0.632121 0.632121
0.632121 0.632121
0.632121 0.632121
0.632121 0.632121
0.632121 0.632121
0.632121 0.632121
0.632121 0.632121
0.632121 0.632121
0.339964 0.876248
0.424682 0.812140
0.632121 0.632121
0.632121 0.632121
0.632121 0.632121
0.632121 0.632121
0.557360 0.727648
0.632121 0.632121
0.632121 0.632121
0.632121 0.632121
0.016160 0.979339
0.632121 0.632121
0.632121 0.632121
0.632121 0.632121
0.632121 0.632121
0.018299 0.987981
0.632121 0.632121
0.632121 0.632121
0.632121 0.632121
0.632121 0.632121
0.632121 0.632121
0.632121 0.632121
0.632121 0.632121
0.632121 0.632121
0.632121 0.632121
0.006242 0.979427
0.632121 0.632121
0.632121 0.632121
0.632121 0.632121
0.632121 0.632121
0.632121 0.632121
0.632121 0.632121
0.632121 0.632121
0.632121 0.632121
0.632121 0.632121
0.356832 0.838566
0.632121 0.632121
0.632121 0.632121
0.632121 0.632121
0.632121 0.632121
0.632121 0.632121
0.632121 0.632121
0.632121 0.632121
0.632121 0.632121
0.632121 0.632121
0.555944 0.708860
0.225964 0.908377
0.632121 0.632121
0.632121 0.632121
0.017560 0.982181
0.632121 0.632121
0.632121 0.632121
0.632121 0.632121
0.632121 0.632121
0.306099 0.888995
0.632121 0.632121
0.571455 0.695524
0.632121 0.632121
0.017560 0.982181
0.632121 0.632121
0.632121 0.632121
0.632121 0.632121
0.632121 0.632121
0.569213 0.694983
0.632121 0.632121
0.632121 0.632121
0.632121 0.632121
0.632121 0.632121
0.632121 0.632121
0.632121 0.632121
0.632121 0.632121
0.566249 0.701346
0.126016 0.937321
0.632121 0.632121
0.632121 0.632121
0.632121 0.632121
0.632121 0.632121
0.632121 0.632121
0.632121 0.632121
0.632121 0.632121
0.632121 0.632121
0.632121 0.632121
0.632121 0.632121
0.632121 0.632121
0.266110 0.887150
0.632121 0.632121
0.632121 0.632121
0.258986 0.882144
0.632121 0.632121
0.632121 0.632121
0.632121 0.632121
0.461230 0.795222
0.632121 0.632121
0.632121 0.632121
0.632121 0.632121
0.632121 0.632121
0.632121 0.632121
0.632121 0.632121
0.632121 0.632121
0.632121 0.632121
0.632121 0.632121
0.632121 0.632121
0.632121 0.632121
0.632121 0.632121
0.017234 0.981190
0.632121 0.632121
0.632121 0.632121
0.632121 0.632121
0.171692 0.923787
0.632121 0.632121
0.632121 0.632121
0.632121 0.632121
0.632121 0.632121
0.632121 0.632121
0.012861 0.981806
0.632121 0.632121
0.632121 0.632121
0.632121 0.632121
0.260554 0.889166
0.632121 0.632121
0.632121 0.632121
0.632121 0.632121
0.632121 0.632121
0.632121 0.632121
0.017234 0.981190
0.632121 0.632121
0.632121 0.632121
0.632121 0.632121
0.632121 0.632121
0.632121 0.632121
0.632121 0.632121
0.632121 0.632121
0.632121 0.632121
0.632121 0.632121
0.632121 0.632121
0.632121 0.632121
0.632121 0.632121
0.632121 0.632121
0.556090 0.711969
0.632121 0.632121
0.632121 0.632121
0.632121 0.632121
0.004300 0.979842
0.632121 0.632121
0.632121 0.632121
0.632121 0.632121
0.632121 0.632121
0.280232 0.894162
0.525125 0.729151
0.632121 0.632121
0.559463 0.718859
0.632121 0.632121
0.632121 0.632121
0.521445 0.753612
0.580964 0.685482
0.632121 0.632121
0.632121 0.632121
0.632121 0.632121
0.632121 0.632121
0.632121 0.632121
0.245155 0.898222
0.632121 0.632121
0.632121 0.632121
0.632121 0.632121
0.346755 0.866982
0.632121 0.632121
0.632121 0.632121
0.632121 0.632121
0.632121 0.632121
0.632121 0.632121
0.632121 0.632121
0.632121 0.632121
0.632121 0.632121
0.632121 0.632121
0.632121 0.632121
0.632121 0.632121
0.632121 0.632121
0.632121 0.632121
0.632121 0.632121
0.248437 0.895259
0.632121 0.632121
0.632121 0.632121
0.593811 0.672801
0.632121 0.632121
0.632121 0.632121
0.632121 0.632121
0.632121 0.632121
0.632121 0.632121
0.384708 0.851560
0.632121 0.632121
0.575131 0.691492
0.632121 0.632121
0.632121 0.632121
0.506282 0.759917
0.632121 0.632121
0.632121 0.632121
0.632121 0.632121
0.632121 0.632121
0.632121 0.632121
0.632121 0.632121
0.632121 0.632121
0.632121 0.632121
0.176779 0.920375
0.632121 0.632121
0.632121 0.632121
0.632121 0.632121
0.632121 0.632121
0.632121 0.632121
0.632121 0.632121
0.632121 0.632121
0.632121 0.632121
0.632121 0.632121
0.632121 0.632121
0.593481 0.677550
0.632121 0.632121
0.632121 0.632121
0.632121 0.632121
0.632121 0.632121
0.292320 0.888002
0.632121 0.632121
0.632121 0.632121
0.632121 0.632121
0.632121 0.632121
0.022792 0.976567
0.114045 0.952577
0.632121 0.632121
0.580762 0.683904
0.632121 0.632121
0.632121 0.632121
0.632121 0.632121
0.632121 0.632121
0.632121 0.632121
0.632121 0.632121
0.632121 0.632121
0.632121 0.632121
0.632121 0.632121
0.196841 0.910350
0.632121 0.632121
0.632121 0.632121
0.632121 0.632121
0.632121 0.632121
0.632121 0.632121
0.632121 0.632121
0.632121 0.632121
0.632121 0.632121
0.632121 0.632121
0.632121 0.632121
0.632121 0.632121
0.528451 0.745080
0.278913 0.873343
0.632121 0.632121
0.632121 0.632121
0.632121 0.632121
0.632121 0.632121
0.632121 0.632121
0.632121 0.632121
0.632121 0.632121
0.632121 0.632121
0.389263 0.824496
0.632121 0.632121
0.632121 0.632121
0.632121 0.632121
0.632121 0.632121
0.632121 0.632121
0.632121 0.632121
0.632121 0.632121
0.632121 0.632121
0.632121 0.632121
0.632121 0.632121
0.632121 0.632121
0.632121 0.632121
0.632121 0.632121
0.632121 0.632121
0.632121 0.632121
0.632121 0.632121
0.632121 0.632121
0.632121 0.632121
0.632121 0.632121
0.632121 0.632121
0.632121 0.632121
0.468818 0.788801
0.588934 0.677026
0.632121 0.632121
0.632121 0.632121
0.632121 0.632121
0.632121 0.632121
0.287118 0.878240
0.632121 0.632121
0.632121 0.632121
0.632121 0.632121
0.177266 0.916977
0.632121 0.632121
0.632121 0.632121
0.409016 0.841091
0.209726 0.909742
0.632121 0.632121
0.632121 0.632121
0.632121 0.632121
0.632121 0.632121
0.632121 0.632121
0.020601 0.974185
0.632121 0.632121
0.632121 0.632121
0.632121 0.632121
0.632121 0.632121
0.206606 0.908671
0.033287 0.985527
0.353860 0.863482
0.632121 0.632121
0.632121 0.632121
0.632121 0.632121
0.632121 0.632121
0.414306 0.801766
0.632121 0.632121
0.632121 0.632121
0.632121 0.632121
0.530257 0.737757
0.632121 0.632121
0.632121 0.632121
0.632121 0.632121
0.632121 0.632121
0.632121 0.632121
0.435207 0.793610
0.632121 0.632121
0.632121 0.632121
0.632121 0.632121
0.632121 0.632121
0.632121 0.632121
0.632121 0.632121
0.632121 0.632121
0.632121 0.632121
0.632121 0.632121
0.632121 0.632121
0.632121 0.632121
0.632121 0.632121
0.632121 0.632121
0.285369 0.892966
0.632121 0.632121
0.632121 0.632121
0.632121 0.632121
0.632121 0.632121
0.632121 0.632121
0.632121 0.632121
0.632121 0.632121
0.580047 0.699548
0.632121 0.632121
0.632121 0.632121
0.632121 0.632121
0.632121 0.632121
0.632121 0.632121
0.632121 0.632121
0.632121 0.632121
0.632121 0.632121
0.297804 0.881258
0.015699 0.984934
0.009389 0.981081
0.153529 0.925202
0.632121 0.632121
0.632121 0.632121
0.026772 0.978419
0.632121 0.632121
0.632121 0.632121
0.632121 0.632121
0.167761 0.924107
0.632121 0.632121
0.632121 0.632121
0.392109 0.826202
0.632121 0.632121
0.026772 0.978419
0.632121 0.632121
0.632121 0.632121
0.632121 0.632121
0.167761 0.924107
0.632121 0.632121
0.632121 0.632121
0.632121 0.632121
0.632121 0.632121
0.632121 0.632121
0.632121 0.632121
0.632121 0.632121
0.632121 0.632121
0.632121 0.632121
0.632121 0.632121
0.632121 0.632121
0.632121 0.632121
0.632121 0.632121
0.632121 0.632121
0.632121 0.632121
0.632121 0.632121
0.632121 0.632121
0.632121 0.632121
0.478546 0.767469
0.038591 0.968442
0.017401 0.985843
0.632121 0.632121
0.632121 0.632121
0.632121 0.632121
0.567696 0.696802
0.632121 0.632121
0.013779 0.987778
0.485502 0.771956
0.632121 0.632121
0.632121 0.632121
0.632121 0.632121
0.632121 0.632121
0.632121 0.632121
0.632121 0.632121
0.632121 0.632121
0.013779 0.987778
0.632121 0.632121
0.632121 0.632121
0.632121 0.632121
0.632121 0.632121
0.632121 0.632121
0.632121 0.632121
0.632121 0.632121
0.547724 0.723731
0.632121 0.632121
0.632121 0.632121
0.615444 0.650021
0.632121 0.632121
0.632121 0.632121
0.632121 0.632121
0.632121 0.632121
0.632121 0.632121
0.632121 0.632121
0.632121 0.632121
0.632121 0.632121
0.632121 0.632121
0.632121 0.632121
0.632121 0.632121
0.632121 0.632121
0.632121 0.632121
0.632121 0.632121
0.632121 0.632121
0.632121 0.632121
0.632121 0.632121
0.211109 0.909556
0.013563 0.984693
0.632121 0.632121
0.632121 0.632121
0.014183 0.979796
0.632121 0.632121
0.632121 0.632121
0.632121 0.632121
0.632121 0.632121
0.632121 0.632121
0.632121 0.632121
0.632121 0.632121
0.632121 0.632121
0.136531 0.947819
0.632121 0.632121
0.632121 0.632121
0.632121 0.632121
0.632121 0.632121
0.632121 0.632121
0.632121 0.632121
0.632121 0.632121
0.632121 0.632121
0.528370 0.732278
0.632121 0.632121
0.010786 0.987489
0.632121 0.632121
0.632121 0.632121
0.632121 0.632121
0.632121 0.632121
0.632121 0.632121
0.632121 0.632121
0.632121 0.632121
0.408432 0.828213
0.087321 0.962176
0.632121 0.632121
0.197156 0.914636
0.632121 0.632121
0.632121 0.632121
0.632121 0.632121
0.632121 0.632121
0.632121 0.632121
0.632121 0.632121
0.632121 0.632121
0.632121 0.632121
0.632121 0.632121
0.632121 0.632121
0.583337 0.693956
0.632121 0.632121
0.632121 0.632121
0.027471 0.985366
0.632121 0.632121
0.632121 0.632121
0.632121 0.632121
0.632121 0.632121
0.632121 0.632121
0.152781 0.936334
0.632121 0.632121
0.632121 0.632121
0.632121 0.632121
0.632121 0.632121
0.632121 0.632121
0.632121 0.632121
0.632121 0.632121
0.632121 0.632121
0.632121 0.632121
0.609784 0.656721
0.632121 0.632121
0.632121 0.632121
0.632121 0.632121
0.632121 0.632121
0.584595 0.691890
0.632121 0.632121
0.632121 0.632121
0.020469 0.980204
0.632121 0.632121
0.632121 0.632121
0.632121 0.632121
0.252107 0.895888
0.632121 0.632121
0.632121 0.632121
0.632121 0.632121
0.566212 0.696200
0.632121 0.632121
0.632121 0.632121
0.632121 0.632121
0.632121 0.632121
0.632121 0.632121
0.632121 0.632121
0.285290 0.915099
0.632121 0.632121
0.632121 0.632121
0.632121 0.632121
0.393451 0.828592
0.632121 0.632121
0.632121 0.632121
0.632121 0.632121
0.632121 0.632121
0.632121 0.632121
0.632121 0.632121
0.632121 0.632121
0.484660 0.773509
0.632121 0.632121
0.632121 0.632121
0.632121 0.632121
0.632121 0.632121
0.632121 0.632121
0.632121 0.632121
0.632121 0.632121
0.632121 0.632121
0.632121 0.632121
0.587305 0.678761
0.632121 0.632121
0.632121 0.632121
0.632121 0.632121
0.632121 0.632121
0.632121 0.632121
0.632121 0.632121
0.585594 0.680248
0.632121 0.632121
0.632121 0.632121
0.013893 0.985243
0.632121 0.632121
0.632121 0.632121
0.632121 0.632121
0.632121 0.632121
0.632121 0.632121
0.632121 0.632121
0.632121 0.632121
0.632121 0.632121
0.632121 0.632121
0.632121 0.632121
0.632121 0.632121
0.632121 0.632121
0.632121 0.632121
0.632121 0.632121
0.632121 0.632121
0.632121 0.632121
0.632121 0.632121
0.632121 0.632121
0.371833 0.833609
0.632121 0.632121
0.632121 0.632121
0.632121 0.632121
0.632121 0.632121
0.632121 0.632121
0.101381 0.979577
0.426478 0.809522
0.632121 0.632121
0.632121 0.632121
0.022975 0.980828
0.632121 0.632121
0.632121 0.632121
0.632121 0.632121
0.632121 0.632121
0.632121 0.632121
0.632121 0.632121
0.632121 0.632121
0.632121 0.632121
0.632121 0.632121
0.632121 0.632121
0.578562 0.688013
0.632121 0.632121
0.632121 0.632121
0.632121 0.632121
0.029135 0.985054
0.632121 0.632121
0.361517 0.841264
0.632121 0.632121
0.632121 0.632121
0.632121 0.632121
0.632121 0.632121
0.520786 0.741205
0.022048 0.977185
0.024907 0.983394
0.017744 0.986147
0.577675 0.688744
0.632121 0.632121
0.632121 0.632121
0.632121 0.632121
0.632121 0.632121
0.012452 0.974961
0.632121 0.632121
0.632121 0.632121
0.632121 0.632121
0.632121 0.632121
0.472460 0.799397
0.632121 0.632121
0.632121 0.632121
0.042152 0.963627
0.012452 0.974961
0.632121 0.632121
0.632121 0.632121
0.632121 0.632121
0.632121 0.632121
0.017356 0.984061
0.632121 0.632121
0.632121 0.632121
0.632121 0.632121
0.421471 0.815436
0.109234 0.944384
0.244959 0.910841
0.632121 0.632121
0.553159 0.740167
0.632121 0.632121
0.632121 0.632121
0.632121 0.632121
0.562753 0.703748
0.632121 0.632121
0.632121 0.632121
0.632121 0.632121
0.632121 0.632121
0.632121 0.632121
0.632121 0.632121
0.632121 0.632121
0.632121 0.632121
0.632121 0.632121
0.632121 0.632121
0.632121 0.632121
0.632121 0.632121
0.632121 0.632121
0.632121 0.632121
0.632121 0.632121
0.379649 0.829129
0.632121 0.632121
0.632121 0.632121
0.632121 0.632121
0.011036 0.984267
0.632121 0.632121
0.632121 0.632121
0.632121 0.632121
0.632121 0.632121
0.632121 0.632121
0.632121 0.632121
0.632121 0.632121
0.632121 0.632121
0.632121 0.632121
0.632121 0.632121
0.632121 0.632121
0.632121 0.632121
0.632121 0.632121
0.632121 0.632121
0.632121 0.632121
0.632121 0.632121
0.632121 0.632121
0.632121 0.632121
0.632121 0.632121
0.632121 0.632121
0.632121 0.632121
0.014852 0.983151
0.512393 0.751962
0.632121 0.632121
0.632121 0.632121
0.632121 0.632121
0.632121 0.632121
0.632121 0.632121
0.632121 0.632121
0.632121 0.632121
0.632121 0.632121
0.632121 0.632121
0.632121 0.632121
0.632121 0.632121
0.368960 0.836545
0.632121 0.632121
0.632121 0.632121
0.012403 0.975910
0.632121 0.632121
0.632121 0.632121
0.378984 0.867329
0.632121 0.632121
0.549870 0.711911
0.632121 0.632121
0.632121 0.632121
0.632121 0.632121
0.012403 0.975910
0.632121 0.632121
0.632121 0.632121
0.177203 0.927585
0.632121 0.632121
0.632121 0.632121
0.632121 0.632121
0.632121 0.632121
0.632121 0.632121
0.632121 0.632121
0.632121 0.632121
0.632121 0.632121
0.632121 0.632121
0.632121 0.632121
0.632121 0.632121
0.632121 0.632121
0.632121 0.632121
0.632121 0.632121
0.246442 0.894593
0.632121 0.632121
0.632121 0.632121
0.632121 0.632121
0.632121 0.632121
0.632121 0.632121
0.632121 0.632121
0.632121 0.632121
0.632121 0.632121
0.632121 0.632121
0.590455 0.675416
0.632121 0.632121
0.632121 0.632121
0.632121 0.632121
0.336450 0.863819
0.632121 0.632121
0.632121 0.632121
0.087366 0.957491
0.632121 0.632121
0.632121 0.632121
0.632121 0.632121
0.560847 0.709114
0.632121 0.632121
0.632121 0.632121
0.632121 0.632121
0.632121 0.632121
0.632121 0.632121
0.632121 0.632121
0.026251 0.985103
0.632121 0.632121
0.632121 0.632121
0.632121 0.632121
0.632121 0.632121
0.527075 0.732101
0.632121 0.632121
0.632121 0.632121
0.632121 0.632121
0.632121 0.632121
0.632121 0.632121
0.195570 0.908943
0.632121 0.632121
0.632121 0.632121
0.010108 0.979609
0.632121 0.632121
0.007377 0.986518
0.632121 0.632121
0.093242 0.947592
0.632121 0.632121
0.632121 0.632121
0.632121 0.632121
0.632121 0.632121
0.632121 0.632121
0.632121 0.632121
0.632121 0.632121
0.632121 0.632121
0.632121 0.632121
0.632121 0.632121
0.632121 0.632121
0.632121 0.632121
0.632121 0.632121
0.632121 0.632121
0.632121 0.632121
0.632121 0.632121
0.632121 0.632121
0.632121 0.632121
0.632121 0.632121
0.022601 0.982356
0.449515 0.788143
0.632121 0.632121
0.168161 0.915693
0.632121 0.632121
0.632121 0.632121
0.632121 0.632121
0.632121 0.632121
0.632121 0.632121
0.632121 0.632121
0.632121 0.632121
0.632121 0.632121
0.632121 0.632121
0.632121 0.632121
0.632121 0.632121
0.632121 0.632121
0.632121 0.632121
0.632121 0.632121
0.632121 0.632121
0.632121 0.632121
0.632121 0.632121
0.632121 0.632121
0.632121 0.632121
0.498651 0.752953
0.433833 0.801548
0.632121 0.632121
0.632121 0.632121
0.632121 0.632121
0.632121 0.632121
0.012828 0.978386
0.632121 0.632121
0.312296 0.856959
0.632121 0.632121
0.632121 0.632121
0.560142 0.733657
0.577425 0.687339
0.632121 0.632121
0.255093 0.900363
0.632121 0.632121
0.632121 0.632121
0.295255 0.885781
0.632121 0.632121
0.632121 0.632121
0.632121 0.632121
0.384684 0.833077
0.632121 0.632121
0.517234 0.763484
0.632121 0.632121
0.632121 0.632121
0.632121 0.632121
0.230036 0.894891
0.632121 0.632121
0.632121 0.632121
0.417468 0.827438
0.632121 0.632121
0.632121 0.632121
0.632121 0.632121
0.632121 0.632121
0.632121 0.632121
0.632121 0.632121
0.632121 0.632121
0.632121 0.632121
0.632121 0.632121
0.135893 0.940121
0.632121 0.632121
0.632121 0.632121
0.632121 0.632121
0.632121 0.632121
0.505010 0.777203
0.632121 0.632121
0.020502 0.983311
0.632121 0.632121
0.252932 0.890189
0.632121 0.632121
0.491942 0.784458
0.632121 0.632121
0.632121 0.632121
0.632121 0.632121
0.287981 0.867775
0.632121 0.632121
0.400107 0.832521
0.632121 0.632121
0.049584 0.977459
0.632121 0.632121
0.632121 0.632121
0.606484 0.658497
0.553769 0.712475
0.536566 0.724906
0.127532 0.932803
0.632121 0.632121
0.086388 0.947717
0.632121 0.632121
0.632121 0.632121
0.632121 0.632121
0.632121 0.632121
0.632121 0.632121
0.632121 0.632121
0.632121 0.632121
0.632121 0.632121
0.632121 0.632121
0.632121 0.632121
0.632121 0.632121
0.094080 0.947763
0.191743 0.908423
0.632121 0.632121
0.120223 0.943194
0.632121 0.632121
0.011128 0.980490
0.632121 0.632121
0.632121 0.632121
0.632121 0.632121
0.632121 0.632121
0.632121 0.632121
0.004104 0.980702
0.632121 0.632121
0.632121 0.632121
0.587973 0.677937
0.632121 0.632121
0.011128 0.980490
0.632121 0.632121
0.632121 0.632121
0.632121 0.632121
0.542005 0.722184
0.632121 0.632121
0.632121 0.632121
0.632121 0.632121
0.632121 0.632121
0.632121 0.632121
0.632121 0.632121
0.632121 0.632121
0.632121 0.632121
0.632121 0.632121
0.632121 0.632121
0.632121 0.632121
0.632121 0.632121
0.632121 0.632121
0.005617 0.980622
0.632121 0.632121
0.632121 0.632121
0.583364 0.682354
0.632121 0.632121
0.632121 0.632121
0.632121 0.632121
0.062864 0.965857
0.632121 0.632121
0.475517 0.786702
0.632121 0.632121
0.632121 0.632121
0.007639 0.981786
0.632121 0.632121
0.632121 0.632121
0.632121 0.632121
0.632121 0.632121
0.632121 0.632121
0.632121 0.632121
0.632121 0.632121
0.632121 0.632121
0.632121 0.632121
0.632121 0.632121
0.632121 0.632121
0.506935 0.747538
0.632121 0.632121
0.632121 0.632121
0.632121 0.632121
0.632121 0.632121
0.632121 0.632121
0.632121 0.632121
0.632121 0.632121
0.632121 0.632121
0.632121 0.632121
0.632121 0.632121
0.632121 0.632121
0.632121 0.632121
0.512380 0.754488
0.632121 0.632121
0.632121 0.632121
0.632121 0.632121
0.632121 0.632121
0.632121 0.632121
0.195155 0.918229
0.632121 0.632121
0.632121 0.632121
0.632121 0.632121
0.632121 0.632121
0.632121 0.632121
0.632121 0.632121
0.632121 0.632121
0.632121 0.632121
0.632121 0.632121
0.615446 0.649746
0.497737 0.759821
0.632121 0.632121
0.632121 0.632121
0.210435 0.914483
0.632121 0.632121
0.632121 0.632121
0.632121 0.632121
0.632121 0.632121
0.632121 0.632121
0.632121 0.632121
0.632121 0.632121
0.632121 0.632121
0.632121 0.632121
0.632121 0.632121
0.632121 0.632121
0.632121 0.632121
0.632121 0.632121
0.122066 0.944025
0.525185 0.749510
0.632121 0.632121
0.632121 0.632121
0.632121 0.632121
0.632121 0.632121
0.632121 0.632121
0.632121 0.632121
0.632121 0.632121
0.491217 0.815111
0.632121 0.632121
0.632121 0.632121
0.632121 0.632121
0.632121 0.632121
0.632121 0.632121
0.632121 0.632121
0.632121 0.632121
0.632121 0.632121
0.234887 0.905400
0.503894 0.754767
0.632121 0.632121
0.632121 0.632121
0.632121 0.632121
0.632121 0.632121
0.632121 0.632121
0.632121 0.632121
0.632121 0.632121
0.632121 0.632121
0.632121 0.632121
0.632121 0.632121
0.632121 0.632121
0.632121 0.632121
0.632121 0.632121
0.014928 0.981214
0.558410 0.706936
0.632121 0.632121
0.632121 0.632121
0.632121 0.632121
0.632121 0.632121
0.632121 0.632121
0.632121 0.632121
0.258869 0.889366
0.496493 0.764956
0.632121 0.632121
0.632121 0.632121
0.632121 0.632121
0.056907 0.962568
0.632121 0.632121
0.632121 0.632121
0.212343 0.908457
0.562557 0.704909
0.632121 0.632121
0.632121 0.632121
0.632121 0.632121
0.138326 0.954113
0.464351 0.792600
0.009194 0.983070
0.632121 0.632121
0.632121 0.632121
0.632121 0.632121
0.632121 0.632121
0.632121 0.632121
0.632121 0.632121
0.632121 0.632121
0.632121 0.632121
0.422489 0.818895
0.579525 0.700464
0.023560 0.982888
0.632121 0.632121
0.632121 0.632121
0.632121 0.632121
0.632121 0.632121
0.632121 0.632121
0.632121 0.632121
0.632121 0.632121
0.632121 0.632121
0.632121 0.632121
0.329072 0.871670
0.632121 0.632121
0.632121 0.632121
0.632121 0.632121
0.221477 0.911765
0.632121 0.632121
0.632121 0.632121
0.158014 0.929098
0.632121 0.632121
0.632121 0.632121
0.483527 0.773852
0.632121 0.632121
0.632121 0.632121
0.632121 0.632121
0.632121 0.632121
0.591194 0.681638
0.158014 0.929098
0.632121 0.632121
0.632121 0.632121
0.107118 0.946513
0.632121 0.632121
0.632121 0.632121
0.632121 0.632121
0.027837 0.971604
0.632121 0.632121
0.632121 0.632121
0.632121 0.632121
0.632121 0.632121
0.632121 0.632121
0.632121 0.632121
0.563236 0.705105
0.593400 0.676497
0.632121 0.632121
0.013271 0.984150
0.632121 0.632121
0.632121 0.632121
0.632121 0.632121
0.632121 0.632121
0.632121 0.632121
0.632121 0.632121
0.632121 0.632121
0.632121 0.632121
0.632121 0.632121
0.632121 0.632121
0.632121 0.632121
0.632121 0.632121
0.632121 0.632121
0.632121 0.632121
0.564004 0.699684
0.017322 0.984833
0.581474 0.697086
0.545002 0.717578
0.632121 0.632121
0.632121 0.632121
0.632121 0.632121
0.009862 0.984054
0.632121 0.632121
0.466948 0.782278
0.239395 0.892169
0.632121 0.632121
0.562992 0.703484
0.632121 0.632121
0.632121 0.632121
0.632121 0.632121
0.571247 0.698457
0.023301 0.981769
0.632121 0.632121
0.632121 0.632121
0.024690 0.976910
0.632121 0.632121
0.632121 0.632121
0.632121 0.632121
0.014849 0.984257
0.572087 0.694828
0.632121 0.632121
0.632121 0.632121
0.632121 0.632121
0.029952 0.983609
0.632121 0.632121
0.632121 0.632121
0.632121 0.632121
0.632121 0.632121
0.632121 0.632121
0.632121 0.632121
0.632121 0.632121
0.574430 0.690372
0.632121 0.632121
0.020535 0.982964
0.632121 0.632121
0.632121 0.632121
0.632121 0.632121
0.632121 0.632121
0.632121 0.632121
0.632121 0.632121
0.632121 0.632121
0.632121 0.632121
0.632121 0.632121
0.632121 0.632121
0.632121 0.632121
0.632121 0.632121
0.014029 0.977412
0.632121 0.632121
0.632121 0.632121
0.632121 0.632121
0.379319 0.849204
0.632121 0.632121
0.006544 0.980966
0.632121 0.632121
0.632121 0.632121
0.632121 0.632121
0.632121 0.632121
0.632121 0.632121
0.632121 0.632121
0.632121 0.632121
0.632121 0.632121
0.632121 0.632121
0.632121 0.632121
0.632121 0.632121
0.632121 0.632121
0.632121 0.632121
0.632121 0.632121
0.632121 0.632121
0.632121 0.632121
0.632121 0.632121
0.632121 0.632121
0.632121 0.632121
0.292667 0.873879
0.632121 0.632121
0.632121 0.632121
0.632121 0.632121
0.632121 0.632121
0.632121 0.632121
0.557935 0.707478
0.632121 0.632121
0.632121 0.632121
0.632121 0.632121
0.632121 0.632121
0.632121 0.632121
0.632121 0.632121
0.632121 0.632121
0.572359 0.697852
0.632121 0.632121
0.529974 0.733069
0.632121 0.632121
0.632121 0.632121
0.632121 0.632121
0.020664 0.977336
0.632121 0.632121
0.606185 0.661171
0.632121 0.632121
0.632121 0.632121
0.632121 0.632121
0.632121 0.632121
0.198782 0.910223
0.584675 0.691760
0.632121 0.632121
0.632121 0.632121
0.632121 0.632121
0.552728 0.712619
0.632121 0.632121
0.632121 0.632121
0.632121 0.632121
0.632121 0.632121
0.632121 0.632121
0.632121 0.632121
0.632121 0.632121
0.632121 0.632121
0.632121 0.632121
0.632121 0.632121
0.402543 0.815459
0.632121 0.632121
0.632121 0.632121
0.632121 0.632121
0.632121 0.632121
0.632121 0.632121
0.101444 0.951076
0.632121 0.632121
0.632121 0.632121
0.632121 0.632121
0.632121 0.632121
0.632121 0.632121
0.579982 0.686508
0.632121 0.632121
0.632121 0.632121
0.632121 0.632121
0.632121 0.632121
0.632121 0.632121
0.632121 0.632121
0.632121 0.632121
0.632121 0.632121
0.632121 0.632121
0.144115 0.932001
0.632121 0.632121
0.632121 0.632121
0.632121 0.632121
0.260391 0.900771
0.632121 0.632121
0.632121 0.632121
0.632121 0.632121
0.632121 0.632121
0.632121 0.632121
0.632121 0.632121
0.632121 0.632121
0.032760 0.977164
0.632121 0.632121
0.632121 0.632121
0.632121 0.632121
0.632121 0.632121
0.027199 0.971880
0.632121 0.632121
0.632121 0.632121
0.632121 0.632121
0.632121 0.632121
0.632121 0.632121
0.632121 0.632121
0.632121 0.632121
0.485638 0.783639
0.190692 0.928349
0.632121 0.632121
0.632121 0.632121
0.632121 0.632121
0.524821 0.735516
0.021679 0.982410
0.632121 0.632121
0.632121 0.632121
0.015878 0.978749
0.322086 0.872993
0.632121 0.632121
0.142155 0.937126
0.632121 0.632121
0.632121 0.632121
0.632121 0.632121
0.567907 0.715046
0.021679 0.982410
0.632121 0.632121
0.632121 0.632121
0.415493 0.810552
0.632121 0.632121
0.632121 0.632121
0.632121 0.632121
0.632121 0.632121
0.632121 0.632121
0.632121 0.632121
0.632121 0.632121
0.211695 0.902779
0.632121 0.632121
0.632121 0.632121
0.087011 0.949080
0.632121 0.632121
0.093745 0.954789
0.526144 0.739166
0.632121 0.632121
0.632121 0.632121
0.593351 0.678472
0.632121 0.632121
0.632121 0.632121
0.632121 0.632121
0.632121 0.632121
0.372693 0.840213
0.308093 0.862653
0.632121 0.632121
0.632121 0.632121
0.632121 0.632121
0.632121 0.632121
0.632121 0.632121
0.366741 0.843018
0.595028 0.672717
0.014497 0.981555
0.632121 0.632121
0.632121 0.632121
0.142177 0.932999
0.632121 0.632121
0.632121 0.632121
0.632121 0.632121
0.632121 0.632121
0.632121 0.632121
0.632121 0.632121
0.632121 0.632121
0.632121 0.632121
0.632121 0.632121
0.632121 0.632121
0.632121 0.632121
0.632121 0.632121
0.632121 0.632121
0.632121 0.632121
0.526320 0.739358
0.632121 0.632121
0.632121 0.632121
0.632121 0.632121
0.632121 0.632121
0.632121 0.632121
0.200915 0.911318
0.632121 0.632121
0.632121 0.632121
0.549951 0.720213
0.632121 0.632121
0.632121 0.632121
0.632121 0.632121
0.632121 0.632121
0.011047 0.977486
0.632121 0.632121
0.025483 0.973476
0.632121 0.632121
0.562167 0.706671
0.632121 0.632121
0.632121 0.632121
0.209933 0.907601
0.632121 0.632121
0.096953 0.943360
0.632121 0.632121
0.632121 0.632121
0.390998 0.848902
0.632121 0.632121
0.632121 0.632121
0.165866 0.926571
0.632121 0.632121
0.632121 0.632121
0.632121 0.632121
0.578550 0.688632
0.632121 0.632121
0.270833 0.881257
0.632121 0.632121
0.632121 0.632121
0.019972 0.983845
0.632121 0.632121
0.632121 0.632121
0.632121 0.632121
0.570134 0.697015
0.632121 0.632121
0.632121 0.632121
0.632121 0.632121
0.632121 0.632121
0.632121 0.632121
0.632121 0.632121
0.632121 0.632121
0.632121 0.632121
0.632121 0.632121
0.632121 0.632121
0.171412 0.918923
0.632121 0.632121
0.632121 0.632121
0.632121 0.632121
0.632121 0.632121
0.632121 0.632121
0.632121 0.632121
0.632121 0.632121
0.632121 0.632121
0.525074 0.756006
0.632121 0.632121
0.632121 0.632121
0.015188 0.983446
0.632121 0.632121
0.632121 0.632121
0.632121 0.632121
0.632121 0.632121
0.632121 0.632121
0.632121 0.632121
0.632121 0.632121
0.063169 0.970008
0.632121 0.632121
0.632121 0.632121
0.632121 0.632121
0.632121 0.632121
0.436347 0.792147
0.632121 0.632121
0.632121 0.632121
0.632121 0.632121
0.019799 0.975946
0.632121 0.632121
0.632121 0.632121
0.632121 0.632121
0.632121 0.632121
0.632121 0.632121
0.632121 0.632121
0.632121 0.632121
0.632121 0.632121
0.019149 0.983578
0.033933 0.976117
0.632121 0.632121
0.632121 0.632121
0.632121 0.632121
0.632121 0.632121
0.632121 0.632121
0.632121 0.632121
0.632121 0.632121
0.632121 0.632121
0.632121 0.632121
0.632121 0.632121
0.632121 0.632121
0.424641 0.801443
0.296634 0.882481
0.632121 0.632121
0.178935 0.926702
0.632121 0.632121
0.632121 0.632121
0.216238 0.917130
0.632121 0.632121
0.632121 0.632121
0.070965 0.958488
0.632121 0.632121
0.413771 0.812009
0.632121 0.632121
0.632121 0.632121
0.632121 0.632121
0.632121 0.632121
0.632121 0.632121
0.632121 0.632121
0.632121 0.632121
0.632121 0.632121
0.632121 0.632121
0.632121 0.632121
0.632121 0.632121
0.632121 0.632121
0.632121 0.632121
0.632121 0.632121
0.572848 0.695400
0.334056 0.856204
0.632121 0.632121
0.632121 0.632121
0.568399 0.695239
0.632121 0.632121
0.632121 0.632121
0.632121 0.632121
0.632121 0.632121
0.632121 0.632121
0.632121 0.632121
0.632121 0.632121
0.632121 0.632121
0.632121 0.632121
0.632121 0.632121
0.152865 0.945630
0.632121 0.632121
0.025350 0.969633
0.499214 0.764335
0.350147 0.854410
0.632121 0.632121
0.632121 0.632121
0.632121 0.632121
0.165553 0.924726
0.086237 0.945328
0.258772 0.914072
0.518310 0.744444
0.509273 0.757017
0.014257 0.987594
0.632121 0.632121
0.578086 0.688767
0.632121 0.632121
0.632121 0.632121
0.632121 0.632121
0.632121 0.632121
0.632121 0.632121
0.632121 0.632121
0.632121 0.632121
0.178958 0.916769
0.632121 0.632121
0.514949 0.744174
0.632121 0.632121
0.632121 0.632121
0.013488 0.980848
0.632121 0.632121
0.106910 0.941885
0.632121 0.632121
0.565582 0.702959
0.632121 0.632121
0.632121 0.632121
0.632121 0.632121
0.632121 0.632121
0.632121 0.632121
0.193017 0.915771
0.632121 0.632121
0.632121 0.632121
0.632121 0.632121
0.632121 0.632121
0.580141 0.699383
0.632121 0.632121
0.632121 0.632121
0.632121 0.632121
0.632121 0.632121
0.632121 0.632121
0.632121 0.632121
0.632121 0.632121
0.632121 0.632121
0.632121 0.632121
0.632121 0.632121
0.632121 0.632121
0.632121 0.632121
0.632121 0.632121
0.632121 0.632121
0.632121 0.632121
0.522853 0.746219
0.632121 0.632121
0.006669 0.978649
0.244764 0.903610
0.632121 0.632121
0.632121 0.632121
0.632121 0.632121
0.632121 0.632121
0.632121 0.632121
0.313632 0.865123
0.013232 0.983167
0.632121 0.632121
0.632121 0.632121
0.632121 0.632121
0.632121 0.632121
0.632121 0.632121
0.632121 0.632121
0.632121 0.632121
0.201620 0.917615
0.632121 0.632121
0.632121 0.632121
0.632121 0.632121
0.632121 0.632121
0.632121 0.632121
0.632121 0.632121
0.203941 0.908220
0.632121 0.632121
0.632121 0.632121
0.632121 0.632121
0.632121 0.632121
0.632121 0.632121
0.632121 0.632121
0.632121 0.632121
0.527873 0.728567
0.632121 0.632121
0.012768 0.985002
0.632121 0.632121
0.632121 0.632121
0.632121 0.632121
0.632121 0.632121
0.632121 0.632121
0.632121 0.632121
0.632121 0.632121
0.632121 0.632121
0.632121 0.632121
0.632121 0.632121
0.632121 0.632121
0.632121 0.632121
0.632121 0.632121
0.632121 0.632121
0.632121 0.632121
0.632121 0.632121
0.442353 0.793956
0.632121 0.632121
0.632121 0.632121
0.632121 0.632121
0.632121 0.632121
0.632121 0.632121
0.632121 0.632121
0.632121 0.632121
0.378133 0.827350
0.632121 0.632121
0.632121 0.632121
0.632121 0.632121
0.632121 0.632121
0.632121 0.632121
0.632121 0.632121
0.632121 0.632121
0.632121 0.632121
0.632121 0.632121
0.632121 0.632121
0.632121 0.632121
0.582989 0.683193
0.632121 0.632121
0.632121 0.632121
0.477415 0.775838
0.632121 0.632121
0.632121 0.632121
0.439948 0.812575
0.632121 0.632121
0.632121 0.632121
0.632121 0.632121
0.632121 0.632121
0.632121 0.632121
0.632121 0.632121
0.129982 0.934745
0.632121 0.632121
0.028337 0.983622
0.632121 0.632121
0.632121 0.632121
0.632121 0.632121
0.632121 0.632121
0.632121 0.632121
0.632121 0.632121
0.632121 0.632121
0.632121 0.632121
0.632121 0.632121
0.254859 0.902945
0.632121 0.632121
0.022664 0.982495
0.632121 0.632121
0.632121 0.632121
0.632121 0.632121
0.632121 0.632121
0.632121 0.632121
0.562516 0.706256
0.024159 0.985041
0.616810 0.648455
0.632121 0.632121
0.632121 0.632121
0.632121 0.632121
0.632121 0.632121
0.632121 0.632121
0.632121 0.632121
0.525936 0.735993
0.632121 0.632121
0.632121 0.632121
0.024159 0.985041
0.632121 0.632121
0.632121 0.632121
0.632121 0.632121
0.632121 0.632121
0.632121 0.632121
0.632121 0.632121
0.632121 0.632121
0.632121 0.632121
0.024159 0.985041
0.632121 0.632121
0.632121 0.632121
0.632121 0.632121
0.632121 0.632121
0.632121 0.632121
0.632121 0.632121
0.385411 0.821834
0.632121 0.632121
0.322459 0.866266
0.208951 0.917264
0.510323 0.753926
0.632121 0.632121
0.632121 0.632121
0.632121 0.632121
0.632121 0.632121
0.632121 0.632121
0.632121 0.632121
0.632121 0.632121
0.013550 0.984583
0.632121 0.632121
0.632121 0.632121
0.632121 0.632121
0.632121 0.632121
0.632121 0.632121
0.632121 0.632121
0.632121 0.632121
0.632121 0.632121
0.632121 0.632121
0.632121 0.632121
0.632121 0.632121
0.632121 0.632121
0.632121 0.632121
0.632121 0.632121
0.632121 0.632121
0.632121 0.632121
0.178391 0.919294
0.632121 0.632121
0.632121 0.632121
0.632121 0.632121
0.632121 0.632121
0.632121 0.632121
0.632121 0.632121
0.632121 0.632121
0.632121 0.632121
0.632121 0.632121
0.632121 0.632121
0.070642 0.968501
0.516075 0.746068
0.017150 0.983073
0.502954 0.760939
0.632121 0.632121
0.632121 0.632121
0.632121 0.632121
0.141138 0.933069
0.632121 0.632121
0.572681 0.691530
0.632121 0.632121
0.548120 0.713279
0.021147 0.984650
0.632121 0.632121
0.632121 0.632121
0.632121 0.632121
0.632121 0.632121
0.632121 0.632121
0.632121 0.632121
0.181057 0.925014
0.632121 0.632121
0.632121 0.632121
0.632121 0.632121
0.632121 0.632121
0.576026 0.686356
0.632121 0.632121
0.632121 0.632121
0.632121 0.632121
0.632121 0.632121
0.632121 0.632121
0.632121 0.632121
0.632121 0.632121
0.012707 0.979707
0.576026 0.686356
0.632121 0.632121
0.632121 0.632121
0.632121 0.632121
0.083136 0.980661
0.632121 0.632121
0.632121 0.632121
0.632121 0.632121
0.632121 0.632121
0.507099 0.758120
0.632121 0.632121
0.632121 0.632121
0.468077 0.777530
0.632121 0.632121
0.430355 0.803270
0.632121 0.632121
0.632121 0.632121
0.632121 0.632121
0.632121 0.632121
0.068997 0.970249
0.632121 0.632121
0.632121 0.632121
0.632121 0.632121
0.632121 0.632121
0.632121 0.632121
0.632121 0.632121
0.632121 0.632121
0.632121 0.632121
0.632121 0.632121
0.632121 0.632121
0.632121 0.632121
0.632121 0.632121
0.230356 0.897861
0.632121 0.632121
0.632121 0.632121
0.632121 0.632121
0.632121 0.632121
0.018827 0.987261
0.632121 0.632121
0.632121 0.632121
0.298672 0.879734
0.632121 0.632121
0.024637 0.973624
0.632121 0.632121
0.632121 0.632121
0.632121 0.632121
0.632121 0.632121
0.632121 0.632121
0.632121 0.632121
0.632121 0.632121
0.632121 0.632121
0.632121 0.632121
0.632121 0.632121
0.632121 0.632121
0.632121 0.632121
0.632121 0.632121
0.632121 0.632121
0.632121 0.632121
0.632121 0.632121
0.357720 0.853372
0.632121 0.632121
0.579008 0.687974
0.632121 0.632121
0.632121 0.632121
0.632121 0.632121
0.255102 0.883129
0.632121 0.632121
0.608748 0.657985
0.632121 0.632121
0.632121 0.632121
0.632121 0.632121
0.575243 0.690508
0.249805 0.894310
0.242147 0.904920
0.632121 0.632121
0.263229 0.893601
0.632121 0.632121
0.151729 0.956080
0.265715 0.890553
0.632121 0.632121
0.632121 0.632121
0.632121 0.632121
0.632121 0.632121
0.022006 0.987310
0.632121 0.632121
0.632121 0.632121
0.632121 0.632121
0.632121 0.632121
0.632121 0.632121
0.632121 0.632121
0.632121 0.632121
0.308203 0.895385
0.632121 0.632121
0.632121 0.632121
0.632121 0.632121
0.632121 0.632121
0.632121 0.632121
0.632121 0.632121
0.632121 0.632121
0.632121 0.632121
0.632121 0.632121
0.632121 0.632121
0.632121 0.632121
0.632121 0.632121
0.632121 0.632121
0.632121 0.632121
0.632121 0.632121
0.563915 0.706261
0.632121 0.632121
0.632121 0.632121
0.632121 0.632121
0.632121 0.632121
0.015049 0.985670
0.632121 0.632121
0.632121 0.632121
0.632121 0.632121
0.632121 0.632121
0.632121 0.632121
0.632121 0.632121
0.015430 0.972451
0.632121 0.632121
0.015049 0.985670
0.632121 0.632121
0.632121 0.632121
0.632121 0.632121
0.514143 0.747384
0.632121 0.632121
0.632121 0.632121
0.632121 0.632121
0.632121 0.632121
0.632121 0.632121
0.632121 0.632121
0.632121 0.632121
0.632121 0.632121
0.629634 0.634633
0.632121 0.632121
0.632121 0.632121
0.632121 0.632121
0.632121 0.632121
0.177808 0.924137
0.632121 0.632121
0.589435 0.684283
0.028826 0.987658
0.353111 0.850552
0.632121 0.632121
0.632121 0.632121
0.297448 0.878786
0.632121 0.632121
0.632121 0.632121
0.632121 0.632121
0.632121 0.632121
0.632121 0.632121
0.632121 0.632121
0.632121 0.632121
0.295009 0.869145
0.632121 0.632121
0.632121 0.632121
0.632121 0.632121
0.632121 0.632121
0.177808 0.924137
0.632121 0.632121
0.632121 0.632121
0.632121 0.632121
0.632121 0.632121
0.472952 0.813583
0.632121 0.632121
0.502782 0.767588
0.632121 0.632121
0.632121 0.632121
0.632121 0.632121
0.632121 0.632121
0.632121 0.632121
0.632121 0.632121
0.632121 0.632121
0.632121 0.632121
0.632121 0.632121
0.632121 0.632121
0.632121 0.632121
0.160886 0.921381
0.632121 0.632121
0.632121 0.632121
0.632121 0.632121
0.020754 0.980130
0.470648 0.773425
0.632121 0.632121
0.570825 0.698839
0.542005 0.724276
0.632121 0.632121
0.632121 0.632121
0.632121 0.632121
0.632121 0.632121
0.470571 0.780517
0.459143 0.784057
0.632121 0.632121
0.632121 0.632121
0.632121 0.632121
0.632121 0.632121
0.632121 0.632121
0.632121 0.632121
0.632121 0.632121
0.598412 0.671358
0.006183 0.981404
0.632121 0.632121
0.632121 0.632121
0.632121 0.632121
0.213579 0.904557
0.383632 0.835931
0.195931 0.918649
0.632121 0.632121
0.577519 0.689237
0.006183 0.981404
0.632121 0.632121
0.006183 0.981404
0.632121 0.632121
0.632121 0.632121
0.632121 0.632121
0.632121 0.632121
0.632121 0.632121
0.632121 0.632121
0.589194 0.676389
0.632121 0.632121
0.006183 0.981404
0.632121 0.632121
0.632121 0.632121
0.364669 0.854366
0.632121 0.632121
0.632121 0.632121
0.632121 0.632121
0.632121 0.632121
0.344920 0.858218
0.458072 0.796062
0.632121 0.632121
0.484149 0.771758
0.632121 0.632121
0.632121 0.632121
0.163434 0.942940
0.632121 0.632121
0.632121 0.632121
0.632121 0.632121
0.632121 0.632121
0.632121 0.632121
0.136311 0.928692
0.403476 0.829514
0.632121 0.632121
0.632121 0.632121
0.571077 0.706754
0.632121 0.632121
0.010128 0.974580
0.632121 0.632121
0.632121 0.632121
0.632121 0.632121
0.632121 0.632121
0.632121 0.632121
0.016518 0.984863
0.632121 0.632121
0.632121 0.632121
0.257192 0.884192
0.632121 0.632121
0.632121 0.632121
0.632121 0.632121
0.172110 0.926391
0.632121 0.632121
0.231428 0.898389
0.632121 0.632121
0.152399 0.942031
0.632121 0.632121
0.632121 0.632121
0.632121 0.632121
0.632121 0.632121
0.632121 0.632121
0.632121 0.632121
0.011835 0.979833
0.118839 0.950419
0.632121 0.632121
0.632121 0.632121
0.632121 0.632121
0.632121 0.632121
0.632121 0.632121
0.632121 0.632121
0.632121 0.632121
0.632121 0.632121
0.632121 0.632121
0.632121 0.632121
0.632121 0.632121
0.632121 0.632121
0.198424 0.924440
0.632121 0.632121
0.632121 0.632121
0.127866 0.965182
0.632121 0.632121
0.632121 0.632121
0.632121 0.632121
0.632121 0.632121
0.591692 0.673766
0.632121 0.632121
0.468821 0.777146
0.632121 0.632121
0.026764 0.980967
0.632121 0.632121
0.632121 0.632121
0.632121 0.632121
0.571372 0.700237
0.293987 0.875478
0.632121 0.632121
0.632121 0.632121
0.632121 0.632121
0.632121 0.632121
0.632121 0.632121
0.501125 0.771624
0.632121 0.632121
0.632121 0.632121
0.632121 0.632121
0.632121 0.632121
0.632121 0.632121
0.632121 0.632121
0.632121 0.632121
0.393929 0.826638
0.632121 0.632121
0.632121 0.632121
0.494979 0.767721
0.632121 0.632121
0.632121 0.632121
0.632121 0.632121
0.632121 0.632121
0.632121 0.632121
0.632121 0.632121
0.340340 0.852222
0.632121 0.632121
0.632121 0.632121
0.632121 0.632121
0.632121 0.632121
0.128637 0.940381
0.632121 0.632121
0.632121 0.632121
0.632121 0.632121
0.632121 0.632121
0.632121 0.632121
0.632121 0.632121
0.632121 0.632121
0.632121 0.632121
0.510846 0.760848
0.632121 0.632121
0.578834 0.687576
0.632121 0.632121
0.509866 0.775967
0.632121 0.632121
0.009120 0.981046
0.632121 0.632121
0.632121 0.632121
0.632121 0.632121
0.023483 0.977248
0.632121 0.632121
0.632121 0.632121
0.632121 0.632121
0.632121 0.632121
0.632121 0.632121
0.632121 0.632121
0.632121 0.632121
0.572016 0.700529
0.112206 0.946678
0.287874 0.878691
0.632121 0.632121
0.632121 0.632121
0.632121 0.632121
0.632121 0.632121
0.632121 0.632121
0.632121 0.632121
0.632121 0.632121
0.632121 0.632121
0.019823 0.980523
0.014093 0.985408
0.632121 0.632121
0.632121 0.632121
0.632121 0.632121
0.632121 0.632121
0.632121 0.632121
0.632121 0.632121
0.632121 0.632121
0.632121 0.632121
0.023633 0.988758
0.632121 0.632121
0.632121 0.632121
0.632121 0.632121
0.029951 0.986365
0.570164 0.697263
0.632121 0.632121
0.632121 0.632121
0.572857 0.694358
0.632121 0.632121
0.632121 0.632121
0.632121 0.632121
0.632121 0.632121
0.632121 0.632121
0.632121 0.632121
0.632121 0.632121
0.632121 0.632121
0.632121 0.632121
0.632121 0.632121
0.632121 0.632121
0.632121 0.632121
0.632121 0.632121
0.632121 0.632121
0.632121 0.632121
0.632121 0.632121
0.632121 0.632121
0.632121 0.632121
0.632121 0.632121
0.632121 0.632121
0.632121 0.632121
0.632121 0.632121
0.632121 0.632121
0.518238 0.739687
0.632121 0.632121
0.632121 0.632121
0.632121 0.632121
0.096363 0.951558
0.632121 0.632121
0.632121 0.632121
0.632121 0.632121
0.289080 0.875323
0.016108 0.976814
0.632121 0.632121
0.632121 0.632121
0.632121 0.632121
0.632121 0.632121
0.632121 0.632121
0.576019 0.697988
0.429621 0.824747
0.632121 0.632121
0.632121 0.632121
0.632121 0.632121
0.632121 0.632121
0.632121 0.632121
0.632121 0.632121
0.632121 0.632121
0.632121 0.632121
0.632121 0.632121
0.632121 0.632121
0.632121 0.632121
0.632121 0.632121
0.632121 0.632121
0.155648 0.940074
0.632121 0.632121
0.632121 0.632121
0.632121 0.632121
0.632121 0.632121
0.514012 0.758413
0.632121 0.632121
0.632121 0.632121
0.632121 0.632121
0.632121 0.632121
0.551237 0.718763
0.632121 0.632121
0.632121 0.632121
0.632121 0.632121
0.632121 0.632121
0.632121 0.632121
0.632121 0.632121
0.632121 0.632121
0.632121 0.632121
0.632121 0.632121
0.632121 0.632121
0.632121 0.632121
0.632121 0.632121
0.632121 0.632121
0.550328 0.716937
0.632121 0.632121
0.632121 0.632121
0.632121 0.632121
0.632121 0.632121
0.632121 0.632121
0.594256 0.671013
0.632121 0.632121
0.632121 0.632121
0.632121 0.632121
0.632121 0.632121
0.632121 0.632121
0.496525 0.754226
0.632121 0.632121
0.632121 0.632121
0.632121 0.632121
0.632121 0.632121
0.632121 0.632121
0.632121 0.632121
0.632121 0.632121
0.382067 0.840776
0.632121 0.632121
0.632121 0.632121
0.632121 0.632121
0.632121 0.632121
0.632121 0.632121
0.580602 0.687804
0.632121 0.632121
0.632121 0.632121
0.632121 0.632121
0.632121 0.632121
0.632121 0.632121
0.632121 0.632121
0.632121 0.632121
0.402696 0.819282
0.632121 0.632121
0.632121 0.632121
0.632121 0.632121
0.632121 0.632121
0.022153 0.984247
0.632121 0.632121
0.632121 0.632121
0.632121 0.632121
0.632121 0.632121
0.632121 0.632121
0.632121 0.632121
0.632121 0.632121
0.632121 0.632121
0.632121 0.632121
0.429682 0.810065
0.471930 0.780290
0.632121 0.632121
0.632121 0.632121
0.365267 0.845305
0.632121 0.632121
0.516649 0.740224
0.599531 0.669839
0.632121 0.632121
0.632121 0.632121
0.632121 0.632121
0.632121 0.632121
0.632121 0.632121
0.632121 0.632121
0.632121 0.632121
0.518082 0.759959
0.632121 0.632121
0.632121 0.632121
0.632121 0.632121
0.632121 0.632121
0.632121 0.632121
0.632121 0.632121
0.632121 0.632121
0.632121 0.632121
0.632121 0.632121
0.632121 0.632121
0.256926 0.893259
0.632121 0.632121
0.632121 0.632121
0.632121 0.632121
0.596829 0.673538
0.632121 0.632121
0.632121 0.632121
0.255462 0.890686
0.632121 0.632121
0.632121 0.632121
0.029308 0.978715
0.632121 0.632121
0.632121 0.632121
0.632121 0.632121
0.632121 0.632121
0.632121 0.632121
0.632121 0.632121
0.574192 0.710318
0.632121 0.632121
0.632121 0.632121
0.632121 0.632121
0.632121 0.632121
0.632121 0.632121
0.014633 0.985138
0.632121 0.632121
0.017672 0.983321
0.632121 0.632121
0.632121 0.632121
0.632121 0.632121
0.632121 0.632121
0.283360 0.880384
0.632121 0.632121
0.632121 0.632121
0.013522 0.976922
0.632121 0.632121
0.632121 0.632121
0.632121 0.632121
0.568599 0.699044
0.632121 0.632121
0.632121 0.632121
0.632121 0.632121
0.632121 0.632121
0.138032 0.936703
0.632121 0.632121
0.632121 0.632121
0.632121 0.632121
0.632121 0.632121
0.632121 0.632121
0.556633 0.719048
0.282047 0.899083
0.632121 0.632121
0.632121 0.632121
0.003168 0.980050
0.632121 0.632121
0.632121 0.632121
0.008585 0.983493
0.632121 0.632121
0.632121 0.632121
0.632121 0.632121
0.632121 0.632121
0.241739 0.896491
0.632121 0.632121
0.632121 0.632121
0.632121 0.632121
0.632121 0.632121
0.632121 0.632121
0.008585 0.983493
0.632121 0.632121
0.068469 0.960267
0.632121 0.632121
0.632121 0.632121
0.632121 0.632121
0.632121 0.632121
0.632121 0.632121
0.632121 0.632121
0.008585 0.983493
0.632121 0.632121
0.632121 0.632121
0.632121 0.632121
0.632121 0.632121
0.632121 0.632121
0.632121 0.632121
0.632121 0.632121
0.019160 0.984110
0.632121 0.632121
